Tabla para CorsikaId 1:
        CorsikaId        px        py        pz          x          y       z  shower_id  prm_id  prm_energy  prm_theta  prm_phi
1238            1  0.005656 -0.009697  0.015160  -1.592230   4.809220  2200.0         90     703    1972.530     45.119  -72.583
1296            1  0.000295  0.000251  0.001079  27.080700 -40.229800  2200.0         90     703    1972.530     45.119  -72.583
2223            1 -0.011007 -0.017746  0.030617 -49.082900  35.591600  2200.0        156     703     696.791     35.693 -117.474
3711            1 -0.000084  0.000207  0.000870 -45.922600   1.545430  2200.0        264     703    1076.000     24.359 -110.059
4045            1  0.011161  0.017874  0.039522   2.385120 -31.556600  2200.0        301     703     242.999     25.476   53.901
6724            1 -0.000284  0.000067  0.001745  48.956800  20.235000  2200.0        538     703    1273.110     37.118 -107.629
10108           1 -0.000240  0.000414  0.000521 -49.451500 -33.484300  2200.0        880    1206    2174.310     33.284  -73.387
10390           1  0.000294  0.000457  0.001487 -17.700300   7.481800  2200.0        880    1206    2174.310     33.284  -73.387
11145           1  0.000949 -0.000975  0.006092   9.896990  35.748900  2200.0        941    1206    1484.340     18.028 -149.036
11873           1  0.000137 -0.000059  0.000742  46.418400  18.253700  2200.0        958    1206    1285.970      8.652  -58.714
12513           1  0.000216  0.000808  0.000332 -41.545100  31.901000  2200.0       1004    1206    1564.590     63.440   23.615
14415           1 -0.001359 -0.004467  0.020329 -18.214500   0.629618  2200.0       1154    1206    1121.810     17.840  -90.635
17383           1 -0.000012  0.000224  0.000178 -30.886900   9.728160  2200.0       1405    1206    1919.470     17.083  156.596
17418           1  0.000121  0.000032  0.000355 -44.741400 -17.479200  2200.0       1405    1206    1919.470     17.083  156.596
17432           1 -0.000046  0.000072  0.000355  30.710900 -11.201900  2200.0       1405    1206    1919.470     17.083  156.596
17487           1 -0.000294  0.000420  0.000501  28.396100 -26.530400  2200.0       1405    1206    1919.470     17.083  156.596
18191           1 -0.006337  0.082656  0.101717 -22.215500 -39.462400  2200.0       1417    1206     907.100     23.411  127.868
19160           1 -0.000632  0.000746  0.005030  17.569400 -43.311600  2200.0       1455    1206    1189.610      8.794    9.220
22647           1  0.000058 -0.000010  0.000120   2.438130  30.928800  2200.0       1712    1206     715.254     36.463  -91.443
25254           1 -0.063590 -0.018895  0.105771  -1.312370 -48.401400  2200.0       1903    1206    2172.680     38.760 -148.115
25255           1 -0.000920 -0.000127  0.001395 -21.925800 -18.358400  2200.0       1903    1206    2172.680     38.760 -148.115
25256           1 -0.004621 -0.000641  0.006971 -22.931200 -18.528200  2200.0       1903    1206    2172.680     38.760 -148.115
25257           1 -0.000027  0.000213  0.000466  35.028500  -6.812700  2200.0       1903    1206    2172.680     38.760 -148.115
25259           1 -0.006234 -0.001163  0.009389  -8.975590 -22.153500  2200.0       1903    1206    2172.680     38.760 -148.115
25260           1 -0.005238 -0.000254  0.006347 -27.648800 -12.279400  2200.0       1903    1206    2172.680     38.760 -148.115
25261           1 -0.000306 -0.000044  0.000192 -33.181400 -22.310000  2200.0       1903    1206    2172.680     38.760 -148.115
28692           1 -0.010820 -0.005574  0.022701 -29.194700  -7.505120  2200.0       2130    1206    4854.510     26.274 -152.800
29246           1 -0.004474 -0.002156  0.011359  36.380000 -48.520800  2200.0       2130    1206    4854.510     26.274 -152.800
29252           1 -0.018182 -0.007315  0.040127 -49.701300 -35.544400  2200.0       2130    1206    4854.510     26.274 -152.800
29256           1 -0.018776 -0.005138  0.042337 -42.171900   1.812530  2200.0       2130    1206    4854.510     26.274 -152.800
29261           1 -0.006653 -0.003001  0.018254  24.740000 -16.712200  2200.0       2130    1206    4854.510     26.274 -152.800
29455           1 -0.012576 -0.004120  0.022588  44.961500  29.389800  2200.0       2130    1206    4854.510     26.274 -152.800
29971           1 -0.065845 -0.021312  0.139091 -27.144200 -31.255900  2200.0       2130    1206    4854.510     26.274 -152.800
29981           1 -0.000274 -0.000130  0.000233 -25.658000  20.613200  2200.0       2130    1206    4854.510     26.274 -152.800
30054           1 -0.001468 -0.000573  0.003223 -35.993100  13.782900  2200.0       2130    1206    4854.510     26.274 -152.800
30071           1 -0.000009  0.000065  0.000142  34.435600  -3.514660  2200.0       2130    1206    4854.510     26.274 -152.800
30082           1 -0.001830 -0.001098  0.003207 -47.867400 -13.690800  2200.0       2130    1206    4854.510     26.274 -152.800
30090           1 -0.000050  0.000147  0.000034  39.423100  13.359600  2200.0       2130    1206    4854.510     26.274 -152.800
30100           1 -0.005443 -0.001986  0.012347 -18.034900 -41.127100  2200.0       2130    1206    4854.510     26.274 -152.800
30101           1 -0.013893 -0.004670  0.031493 -18.333800 -28.434100  2200.0       2130    1206    4854.510     26.274 -152.800
30111           1 -0.008620 -0.001434  0.017789  20.573700  26.579100  2200.0       2130    1206    4854.510     26.274 -152.800
30142           1  0.000088  0.000120  0.000802  48.121900 -43.197200  2200.0       2130    1206    4854.510     26.274 -152.800
30147           1 -0.012029 -0.005360  0.027952  14.686600 -42.605400  2200.0       2130    1206    4854.510     26.274 -152.800
30148           1  0.000094  0.000070  0.000227   1.509910 -11.065600  2200.0       2130    1206    4854.510     26.274 -152.800
30149           1 -0.001729 -0.000154  0.003610  -8.556770  -9.885480  2200.0       2130    1206    4854.510     26.274 -152.800
30150           1 -0.000002 -0.000023  0.000124 -33.447500  42.949100  2200.0       2130    1206    4854.510     26.274 -152.800
30152           1 -0.005517 -0.002173  0.013036  18.415300 -16.041300  2200.0       2130    1206    4854.510     26.274 -152.800
30153           1 -0.065806 -0.023338  0.154870  18.187000  -5.138600  2200.0       2130    1206    4854.510     26.274 -152.800
30154           1 -0.005227 -0.001552  0.013054  31.554200  12.292200  2200.0       2130    1206    4854.510     26.274 -152.800
30155           1 -0.028917 -0.008241  0.074072  36.631100  16.061000  2200.0       2130    1206    4854.510     26.274 -152.800
30156           1 -0.012356 -0.002741  0.032350  40.528900  27.889400  2200.0       2130    1206    4854.510     26.274 -152.800
30157           1 -0.000723 -0.000148  0.001920  42.799200  30.980400  2200.0       2130    1206    4854.510     26.274 -152.800
30158           1 -0.002920 -0.000224  0.006958  29.104900  45.258600  2200.0       2130    1206    4854.510     26.274 -152.800
30159           1 -0.019618 -0.000528  0.044672  25.474100  49.403200  2200.0       2130    1206    4854.510     26.274 -152.800
30187           1 -0.008340 -0.002510  0.015071 -33.058800  38.580200  2200.0       2130    1206    4854.510     26.274 -152.800
30243           1 -0.010972 -0.003827  0.026401  19.803200 -11.588800  2200.0       2130    1206    4854.510     26.274 -152.800
31182           1 -0.015865  0.006742  0.036184 -24.974300 -42.921600  2200.0       2192    1206    1335.610     20.139  172.536
37688           1  0.008406 -0.000532  0.006446  23.030200   1.654870  2200.0       2799    1206    3249.440     44.521    6.792
37700           1  0.000120 -0.000096  0.000108  25.259600  26.100500  2200.0       2799    1206    3249.440     44.521    6.792
37783           1  0.008748  0.000715  0.012046   4.841150  15.978900  2200.0       2799    1206    3249.440     44.521    6.792
38227           1  0.000722  0.000141  0.002596  -9.486590  20.843700  2200.0       2799    1206    3249.440     44.521    6.792
38918           1 -0.000383  0.000230  0.000688 -14.616300  29.235000  2200.0       2863    1206     971.407     33.168 -149.152
40298           1  0.000131 -0.000147  0.000323  16.583400 -28.393000  2200.0       2936    1206    1936.660     15.924 -129.825
41011           1 -0.012942  0.002818  0.065552  14.325900  29.543700  2200.0       2975    1206    1040.150     15.324 -160.313
41014           1 -0.003801 -0.001305  0.020048   6.929810 -16.960400  2200.0       2975    1206    1040.150     15.324 -160.313
41245           1 -0.000219  0.000647  0.000552  22.196600  42.648200  2200.0       2975    1206    1040.150     15.324 -160.313
41929           1 -0.000326  0.000061  0.000221  23.264100 -14.874100  2200.0       2975    1206    1040.150     15.324 -160.313
42159           1 -0.001767  0.003070  0.011713 -28.850100 -21.742400  2200.0       2975    1206    1040.150     15.324 -160.313
42391           1  0.000078 -0.000077  0.000156 -19.358200  38.816000  2200.0       2975    1206    1040.150     15.324 -160.313
43881           1 -0.000283 -0.000448  0.000421  -4.503340 -37.132600  2200.0       3097    1206    3084.980     51.183  -20.158
46790           1  0.007571  0.004409  0.011416  28.373100 -49.819400  2200.0       3283    1206    1410.650     36.567   19.432
46974           1  0.003656  0.001457  0.006722  -1.086950  47.622400  2200.0       3283    1206    1410.650     36.567   19.432
46975           1  0.001980  0.000439  0.002711  12.365800  43.612900  2200.0       3283    1206    1410.650     36.567   19.432
46983           1  0.000077  0.000122  0.001321 -42.527700  18.879500  2200.0       3283    1206    1410.650     36.567   19.432
47653           1  0.000022  0.000032  0.000082 -46.541000 -16.910400  2200.0       3325    1206     979.069      8.803   11.392
47758           1  0.002562  0.001071  0.003550   6.592760  23.827200  2200.0       3325    1206     979.069      8.803   11.392
47760           1  0.000012  0.000021  0.000072 -43.072100  22.564000  2200.0       3325    1206     979.069      8.803   11.392
47772           1 -0.000047  0.000010  0.000039 -40.561100 -12.449700  2200.0       3325    1206     979.069      8.803   11.392
50381           1 -0.000068  0.000029  0.000083  23.353000  23.339300  2200.0       3467    1206     813.897     10.916  -87.103
53465           1 -0.010174 -0.002239  0.054285 -36.672800 -16.816700  2200.0       3678    1206    1402.580     11.468 -167.064
53466           1 -0.022780 -0.005223  0.122186 -16.317600 -41.741900  2200.0       3678    1206    1402.580     11.468 -167.064
53478           1 -0.000061 -0.000031  0.000131   6.194870  48.471500  2200.0       3678    1206    1402.580     11.468 -167.064
53832           1 -0.000983  0.000799  0.004589 -34.207700 -33.031500  2200.0       3678    1206    1402.580     11.468 -167.064
54118           1  0.000290  0.000174  0.000249 -16.025500 -22.909500  2200.0       3729    1206    4592.940     56.662 -170.346
55146           1  0.000006  0.000141  0.000546  35.516600  37.437400  2200.0       3813    1608    1440.130     30.440  101.916
56183           1 -0.001052  0.003358  0.001773  44.119600 -24.191500  2200.0       3845    1608    1691.840     37.255  118.430
57612           1 -0.001557  0.001046  0.002964   7.924230   7.831470  2200.0       3905    1608    1198.790     26.003  178.553
58530           1  0.000023  0.000091  0.000103  32.248300  27.793400  2200.0       3960    1608    1620.480     11.786 -164.659
59010           1  0.000163 -0.000548  0.000498  39.082000  38.844300  2200.0       4003    1608     309.423     19.064  -50.260
59170           1  0.000047 -0.000140  0.000074  43.349100 -24.545000  2200.0       4020    1608    6885.520     33.992 -174.606
59630           1  0.000217 -0.000211  0.000064  17.206400  -4.663380  2200.0       4020    1608    6885.520     33.992 -174.606
59676           1 -0.001463  0.000446  0.002737   6.082100  21.436700  2200.0       4020    1608    6885.520     33.992 -174.606
59707           1 -0.013664  0.000808  0.023951 -40.918400 -41.807700  2200.0       4020    1608    6885.520     33.992 -174.606
59719           1 -0.001024  0.000526  0.001976  47.837500  -0.378672  2200.0       4020    1608    6885.520     33.992 -174.606
59737           1 -0.010066  0.000176  0.017595  40.795000 -37.061400  2200.0       4020    1608    6885.520     33.992 -174.606
59781           1  0.000203  0.000055  0.000147  34.699400  -7.942400  2200.0       4020    1608    6885.520     33.992 -174.606
59799           1 -0.000057  0.000052  0.000304  -9.849110 -24.596700  2200.0       4020    1608    6885.520     33.992 -174.606
59898           1 -0.000490  0.000629  0.001556  -8.768300  14.097500  2200.0       4020    1608    6885.520     33.992 -174.606
59991           1 -0.000416  0.000211  0.001153 -33.117100 -16.901100  2200.0       4020    1608    6885.520     33.992 -174.606
60571           1  0.003437 -0.002709  0.004671  -3.758360  17.324200  2200.0       4036    1608    1937.160     45.656  -42.867
61420           1 -0.000050 -0.000016  0.000131 -30.287400  37.404900  2200.0       4090    1608    1097.910     37.351 -152.595
70628           1 -0.005715  0.013038  0.010574  34.280900  39.988300  2200.0       4664    1608    1078.690     42.656  128.815
70632           1 -0.000010  0.000043  0.000065  -4.695150  -2.834940  2200.0       4664    1608    1078.690     42.656  128.815
70633           1 -0.003081  0.006218  0.005199  31.703600   7.263800  2200.0       4664    1608    1078.690     42.656  128.815
70634           1 -0.005340  0.004749  0.003970 -43.323000   6.491590  2200.0       4664    1608    1078.690     42.656  128.815
70635           1 -0.000458  0.000898  0.000729  29.041600   9.257010  2200.0       4664    1608    1078.690     42.656  128.815
70636           1 -0.000103  0.000162  0.000159  27.891200  -3.213940  2200.0       4664    1608    1078.690     42.656  128.815
70637           1 -0.002344  0.003459  0.002995  22.651100   2.156120  2200.0       4664    1608    1078.690     42.656  128.815
70638           1 -0.000030  0.000048  0.000040  23.521900   3.580950  2200.0       4664    1608    1078.690     42.656  128.815
70639           1 -0.000110  0.000164  0.000116  20.546800   7.075610  2200.0       4664    1608    1078.690     42.656  128.815
70641           1 -0.039362  0.086240  0.068919  23.960800  38.275900  2200.0       4664    1608    1078.690     42.656  128.815
70642           1 -0.002702  0.004541  0.003955  31.801800  20.796700  2200.0       4664    1608    1078.690     42.656  128.815
70643           1 -0.000028  0.000080  0.000234  26.855300 -31.307900  2200.0       4664    1608    1078.690     42.656  128.815
70646           1 -0.022033  0.044183  0.039796  25.179700  -0.563901  2200.0       4664    1608    1078.690     42.656  128.815
70680           1 -0.000097  0.000069  0.000129   5.878710  43.630900  2200.0       4664    1608    1078.690     42.656  128.815
71193           1  0.000056  0.000035  0.000033  22.652400  17.690500  2200.0       4665    1608    4756.860     31.725  -50.907
71598           1 -0.000064  0.000385  0.000376  36.580300  17.754100  2200.0       4665    1608    4756.860     31.725  -50.907
71604           1 -0.000132 -0.000623  0.002489 -30.716900 -23.057800  2200.0       4665    1608    4756.860     31.725  -50.907
71605           1 -0.000097 -0.000196  0.000050 -32.245100   5.558670  2200.0       4665    1608    4756.860     31.725  -50.907
71618           1  0.002902 -0.004386  0.014481  14.756200 -43.355800  2200.0       4665    1608    4756.860     31.725  -50.907
71619           1  0.010642 -0.006680  0.034103  39.432000  12.564300  2200.0       4665    1608    4756.860     31.725  -50.907
71643           1 -0.000609  0.000883  0.002416 -20.462200  32.556900  2200.0       4665    1608    4756.860     31.725  -50.907
71670           1  0.000050  0.000017  0.000223 -27.444400 -12.300900  2200.0       4665    1608    4756.860     31.725  -50.907
71731           1  0.000886 -0.000677  0.004476 -16.861200  23.963200  2200.0       4665    1608    4756.860     31.725  -50.907
71760           1  0.000122  0.000202  0.000101 -45.852200  -5.048210  2200.0       4665    1608    4756.860     31.725  -50.907
77863           1  0.001656 -0.001537  0.003500  15.806500  42.276000  2200.0       4998    1608    3662.120     42.772  -57.178
82234           1  0.000333  0.000011  0.000171  13.479400  49.845400  2200.0       5345    1608    9931.020     32.685   43.875
82466           1  0.000392  0.000310  0.000601   1.461860 -48.859000  2200.0       5345    1608    9931.020     32.685   43.875
82491           1  0.014188  0.012802  0.024990  36.139400 -17.361600  2200.0       5345    1608    9931.020     32.685   43.875
82497           1  0.010909  0.010750  0.020706  41.579100  48.335000  2200.0       5345    1608    9931.020     32.685   43.875
82518           1  0.000491  0.000274  0.000353 -44.006000  34.475900  2200.0       5345    1608    9931.020     32.685   43.875
82723           1  0.000872  0.000957  0.001817  34.861400   1.103950  2200.0       5345    1608    9931.020     32.685   43.875
82935           1  0.005931  0.004386  0.014149  48.948300  17.425100  2200.0       5345    1608    9931.020     32.685   43.875
82943           1  0.004003  0.004715  0.012402  28.299100 -14.999300  2200.0       5345    1608    9931.020     32.685   43.875
82944           1  0.000732  0.000632  0.002206  30.303800 -45.437300  2200.0       5345    1608    9931.020     32.685   43.875
82947           1  0.001513  0.002294  0.005099  25.196300   9.269430  2200.0       5345    1608    9931.020     32.685   43.875
82995           1  0.006097  0.005676  0.012975 -27.219000  14.949700  2200.0       5345    1608    9931.020     32.685   43.875
83415           1  0.002706  0.005144  0.007919 -39.357500 -13.586400  2200.0       5345    1608    9931.020     32.685   43.875
83729           1  0.003889  0.001727  0.013826 -44.338000   1.265450  2200.0       5370    1608    2568.760     11.837   17.706
83937           1  0.000186 -0.000173  0.000182 -45.525300  10.292400  2200.0       5370    1608    2568.760     11.837   17.706
87807           1 -0.012631  0.013739  0.015763 -20.601300  28.123600  2200.0       5631    1608     767.270     44.710  140.029
90980           1  0.001190  0.001305  0.002790  16.979700  -1.267130  2200.0       5946    1608     740.971     27.382    9.977
91494           1 -0.007880 -0.013276  0.019595  32.404900  27.483500  2200.0       5973    1608    1615.990     20.648 -114.240
91495           1 -0.003744 -0.004205  0.007246  28.184700  30.963900  2200.0       5973    1608    1615.990     20.648 -114.240
92773           1  0.000319  0.001552  0.002768  47.560300 -36.411200  2200.0       6070    1608    2512.500     34.331   58.376
93920           1 -0.005827  0.001880  0.032866  25.375900  15.089700  2200.0       6111    1608    1095.000      6.648 -171.075
96290           1 -0.003180 -0.002346  0.002964 -36.990300 -25.362900  2200.0       6323    1608    2464.710     32.341 -144.911
97176           1 -0.000266  0.000173  0.000110  28.047500  33.052700  2200.0       6335    1608    5832.280     45.056 -108.308
99377           1 -0.000798 -0.003772  0.002205  12.657200 -45.663500  2200.0       6520    1608    5862.620     46.298 -125.414
102741          1 -0.000009  0.000437  0.000290  46.737500 -44.188800  2200.0       6651    1608    5969.510     54.727  -57.599
102821          1  0.000202 -0.000073  0.000833   9.121530 -27.062500  2200.0       6651    1608    5969.510     54.727  -57.599
102866          1  0.000034 -0.000016  0.000125 -16.543600 -21.328900  2200.0       6651    1608    5969.510     54.727  -57.599
104701          1  0.005695  0.009415  0.015806 -34.174600  32.143800  2200.0       6734    1608    1115.580     31.294   52.514
104916          1 -0.002215  0.008016  0.039749  -7.099640 -30.633500  2200.0       6745    1608    1151.340      9.673  121.951
108570          1 -0.001982 -0.000928  0.010652  -5.087090 -36.606400  2200.0       6999    2412    2817.720     12.925 -150.616
108576          1 -0.000058 -0.000016  0.000431 -25.529000   2.732970  2200.0       6999    2412    2817.720     12.925 -150.616
108577          1 -0.000432 -0.000050  0.000960 -41.537400   1.923600  2200.0       6999    2412    2817.720     12.925 -150.616
108580          1 -0.004988 -0.000333  0.021071 -32.076700   3.530380  2200.0       6999    2412    2817.720     12.925 -150.616
108836          1 -0.005777 -0.000198  0.031898  -0.423429  42.615200  2200.0       6999    2412    2817.720     12.925 -150.616
109132          1  0.000243 -0.001129  0.001417  24.405100  11.077100  2200.0       6999    2412    2817.720     12.925 -150.616
110335          1 -0.000037 -0.000034  0.000095  48.508300   7.296160  2200.0       7048    2412    6170.240     52.424  140.679
112395          1  0.010260  0.015423  0.036191  46.484700 -49.602000  2200.0       7142    2412    1926.160     24.592   53.531
114339          1 -0.000346  0.000214  0.000191  20.451100 -46.317400  2200.0       7202    2412    1514.250     37.772  -59.636
116369          1  0.000092  0.000232  0.001783  29.725900   8.006560  2200.0       7371    2412    2385.380     20.762 -128.768
119043          1 -0.006601 -0.006721  0.014415  -7.187360 -25.664900  2200.0       7478    2412    3347.120     43.827 -136.492
120405          1 -0.000665  0.009982  0.007893  -0.391346  45.202400  2200.0       7525    2412    4320.330     44.930   96.614
120437          1 -0.015760  0.131705  0.110504 -49.880100 -37.874100  2200.0       7525    2412    4320.330     44.930   96.614
122471          1 -0.014971  0.007949  0.043433  -0.671173   1.190580  2200.0       7662    2412     602.114     23.590  169.723
124310          1  0.009301 -0.002843  0.020439  -7.707000   9.449360  2200.0       7768    2412    8037.400     24.772  -18.369
124520          1  0.001313  0.000374  0.006071 -41.539400 -13.812300  2200.0       7768    2412    8037.400     24.772  -18.369
124900          1  0.000160  0.000277  0.001553  26.397300  39.756800  2200.0       7768    2412    8037.400     24.772  -18.369
124928          1  0.015941 -0.004209  0.039492 -19.094000  40.023400  2200.0       7768    2412    8037.400     24.772  -18.369
124935          1  0.004831 -0.001840  0.011194  32.852700 -19.417900  2200.0       7768    2412    8037.400     24.772  -18.369
126167          1 -0.000788 -0.000043  0.000252  29.560600  11.526800  2200.0       7882    2412    4108.520     42.987 -133.637
126825          1  0.000597 -0.001406  0.001818  28.107900  25.110300  2200.0       7894    2412    6918.550     40.824  -49.129
126901          1 -0.000146  0.000179  0.000153 -18.197500  39.375500  2200.0       7894    2412    6918.550     40.824  -49.129
127183          1  0.001457 -0.001450  0.002006  -8.318750  33.643600  2200.0       7894    2412    6918.550     40.824  -49.129
127184          1  0.000681 -0.000395  0.000460  14.842200  29.177500  2200.0       7894    2412    6918.550     40.824  -49.129
127185          1  0.000051 -0.000054  0.000117 -21.358400  44.373100  2200.0       7894    2412    6918.550     40.824  -49.129
127590          1  0.000333  0.000319  0.000182  34.491500  10.224200  2200.0       7894    2412    6918.550     40.824  -49.129
128753          1  0.007524  0.001016  0.021795  -8.091210 -39.610200  2200.0       7918    2412    1638.670     12.207  -20.729

Tabla para CorsikaId 2:
        CorsikaId        px        py        pz        x          y       z  shower_id  prm_id  prm_energy  prm_theta  prm_phi
11921           2  0.000435 -0.001975  0.013976 -17.0582 -17.868300  2200.0        958    1206     1285.97      8.652  -58.714
91393           2 -0.001996 -0.004005  0.017447  49.8060 -17.984000  2200.0       5973    1608     1615.99     20.648 -114.240
108579          2 -0.000167 -0.007536  0.015072 -31.3300  -0.598407  2200.0       6999    2412     2817.72     12.925 -150.616

Tabla para CorsikaId 3:
        CorsikaId        px        py        pz         x         y       z  shower_id  prm_id  prm_energy  prm_theta  prm_phi
11922           3  0.004405 -0.002416  0.036550 -17.01510 -17.90940  2200.0        958    1206    1285.970      8.652  -58.714
26655           3  0.002864  0.004356  0.006823 -36.37670  11.90950  2200.0       1958    1206    3440.550     52.958   69.016
29250           3 -0.001801  0.004150  0.027984 -29.06160 -31.64250  2200.0       2130    1206    4854.510     26.274 -152.800
29257           3 -0.006737  0.000343  0.016651   4.88497   8.64071  2200.0       2130    1206    4854.510     26.274 -152.800
45993           3 -0.006007  0.003855  0.014712  34.76560 -22.49100  2200.0       3233    1206     676.009     14.489  170.378
47761           3  0.000139  0.000610  0.003073 -42.98160  19.85320  2200.0       3325    1206     979.069      8.803   11.392
70640           3 -0.015758  0.021497  0.017398  20.56320   7.88819  2200.0       4664    1608    1078.690     42.656  128.815
91496           3 -0.003532 -0.003001  0.012896  30.56150  37.01830  2200.0       5973    1608    1615.990     20.648 -114.240
108578          3 -0.003768 -0.000391  0.015831 -38.08750   2.43842  2200.0       6999    2412    2817.720     12.925 -150.616

Tabla para CorsikaId 5:
        CorsikaId         px         py         pz         x         y       z  shower_id  prm_id  prm_energy  prm_theta  prm_phi
4649            5  -0.009813  -0.063701   0.253881   7.21078 -41.28800  2200.0        370     703     204.475     25.262 -139.075
19894           5  -0.179846  -0.128200   0.732969 -28.10590 -10.59260  2200.0       1522    1206     686.529     16.085 -160.981
26465           5   1.156670   3.079150   2.546800 -44.05240  11.46720  2200.0       1958    1206    3440.550     52.958   69.016
26697           5   2.724030   7.147900   5.678690  19.78160 -40.04350  2200.0       1958    1206    3440.550     52.958   69.016
40280           5  -0.601436  -0.762068   3.450550 -16.96030 -40.75930  2200.0       2936    1206    1936.660     15.924 -129.825
48611           5   0.803338   0.274563   5.511330 -22.21610 -35.23130  2200.0       3325    1206     979.069      8.803   11.392
53398           5  -3.757470  -0.927815  21.094600 -27.77800 -26.39280  2200.0       3678    1206    1402.580     11.468 -167.064
59546           5 -11.780500  -1.110160  17.503300 -22.26510 -22.24610  2200.0       4020    1608    6885.520     33.992 -174.606
66813           5   0.076459  -1.922520   6.545070 -18.49880  14.86650  2200.0       4379    1608     723.541     16.084  -84.068
72462           5   5.782530  -7.630700   8.072480   7.09319 -12.32240  2200.0       4683    1608    7428.730     49.931  -52.722
74478           5  -0.825373  -2.458040   3.526890  38.03550 -39.81120  2200.0       4769    1608    2211.720     36.080 -108.173
82270           5   2.571070   2.451660   5.560900  20.90220 -33.45690  2200.0       5345    1608    9931.020     32.685   43.875
82644           5   3.837390   3.660000   8.416110 -16.37360 -17.72460  2200.0       5345    1608    9931.020     32.685   43.875
87005           5   1.884500   1.127290   4.442570   3.33060  46.50600  2200.0       5585    1608    2956.000     25.895   29.887
108207          5  -2.432830  -1.459390  13.019600  13.08940 -31.02320  2200.0       6999    2412    2817.720     12.925 -150.616
112343          5   0.732321   1.021490   2.707120  46.76000  47.13440  2200.0       7142    2412    1926.160     24.592   53.531
120335          5  -1.255860  11.175000  11.307600  47.19800 -45.18480  2200.0       7525    2412    4320.330     44.930   96.614
124002          5  23.918000  -7.713910  54.784000 -10.66320  -7.46512  2200.0       7768    2412    8037.400     24.772  -18.369
126945          5   2.368540  -2.708950   4.297020 -13.95030  33.73260  2200.0       7894    2412    6918.550     40.824  -49.129
126970          5  10.312200 -11.886000  18.161100  36.79400 -20.71710  2200.0       7894    2412    6918.550     40.824  -49.129

Tabla para CorsikaId 6:
        CorsikaId         px         py         pz          x          y       z  shower_id  prm_id  prm_energy  prm_theta  prm_phi
13346           6  -0.043649  -0.312382   0.934545  31.400300  41.212900  2200.0       1112    1206     284.362     28.734  -86.022
17644           6  -1.833890   0.844769   6.187440  21.234400 -46.958700  2200.0       1405    1206    1919.470     17.083  156.596
20411           6  -1.210330  -2.059820   3.403320 -29.736400 -40.500800  2200.0       1554    1206    1440.460     35.765 -119.517
24420           6   1.367940   0.114535   2.048500   1.447510   6.493200  2200.0       1869    1206    1096.990     32.648    1.591
24756           6   3.031070   0.205561   4.749910  19.655300 -30.128500  2200.0       1869    1206    1096.990     32.648    1.591
55527           6   0.024602   0.029707   1.420890  14.066900  33.179800  2200.0       3834    1608     424.067      1.008  119.528
60243           6  -9.254750  -0.669063  13.732100 -10.490300  47.075200  2200.0       4020    1608    6885.520     33.992 -174.606
60370           6  -5.152280  -0.408795   7.717030   5.575880 -29.079800  2200.0       4020    1608    6885.520     33.992 -174.606
71423           6   1.048630  -1.103530   2.655520  -1.730370   1.698880  2200.0       4665    1608    4756.860     31.725  -50.907
75499           6  -0.258392   1.084630   2.831370  31.451900 -25.195200  2200.0       4826    1608    1347.490     16.840   93.016
80535           6  -0.215421   0.137566   0.270628  32.406400  10.538400  2200.0       5184    1608     628.829     37.239  155.512
82256           6  27.137600  26.261200  58.729100 -13.070900  -6.543890  2200.0       5345    1608    9931.020     32.685   43.875
82647           6  17.039700  16.466100  36.539400  26.935100  -0.657562  2200.0       5345    1608    9931.020     32.685   43.875
83001           6   2.700060   2.763760   5.937450   0.795547  32.380400  2200.0       5345    1608    9931.020     32.685   43.875
83017           6  10.002100   9.754100  21.785800 -49.074200   5.053520  2200.0       5345    1608    9931.020     32.685   43.875
83656           6   6.580950   2.463430  33.193600  41.712400 -47.272300  2200.0       5370    1608    2568.760     11.837   17.706
86957           6   1.286050   0.827424   3.073520   2.451210  15.190200  2200.0       5585    1608    2956.000     25.895   29.887
90993           6   1.171000   0.318428   2.664350 -19.217600 -22.411100  2200.0       5946    1608     740.971     27.382    9.977
91463           6  -1.534660  -3.163540  10.056300  41.000800   1.534500  2200.0       5973    1608    1615.990     20.648 -114.240
101321          6   0.441202  -0.452491   2.666540  -7.996510  19.236800  2200.0       6624    1608     785.122     14.896  -47.105
105476          6   0.115828   1.787120   5.057830 -26.929200  22.006500  2200.0       6754    1608    1779.010     18.424   86.052
105593          6   0.357982   2.962250   8.522570  46.027400 -40.392400  2200.0       6754    1608    1779.010     18.424   86.052
109349          6  -0.949924  -0.195348   4.840370  22.148500  -0.793492  2200.0       6999    2412    2817.720     12.925 -150.616
117322          6   0.098553   0.014708   0.299870  -9.156830 -11.291400  2200.0       7402    2412    1205.020      5.728   52.803
124700          6  20.298500  -6.494170  46.439700  -3.782790  15.343300  2200.0       7768    2412    8037.400     24.772  -18.369
124874          6  24.629000  -7.944280  56.588300 -14.124600   0.604747  2200.0       7768    2412    8037.400     24.772  -18.369
124875          6   6.688030  -2.147270  15.278500  -6.707880  11.803400  2200.0       7768    2412    8037.400     24.772  -18.369
126943          6   7.539370  -8.517650  13.433200  48.525800  31.383000  2200.0       7894    2412    6918.550     40.824  -49.129
127842          6  13.741300 -15.760900  24.510600 -30.507900 -32.588600  2200.0       7894    2412    6918.550     40.824  -49.129

Tabla para CorsikaId 13:
       CorsikaId        px        py        pz        x        y       z  shower_id  prm_id  prm_energy  prm_theta  prm_phi
1245          13  0.165187  0.429210  0.319597 -27.3597  18.1120  2200.0         90     703     1972.53     45.119  -72.583
18190         13  0.048757  0.390381  0.363435  39.7036  40.3914  2200.0       1417    1206      907.10     23.411  127.868
57688         13 -3.847730  0.824973  8.394170 -45.5619 -49.9893  2200.0       3905    1608     1198.79     26.003  178.553
59928         13 -0.425034 -0.358472  0.791261 -45.9775  39.6520  2200.0       4020    1608     6885.52     33.992 -174.606

Tabla para CorsikaId 14:
       CorsikaId        px        py        pz         x        y       z  shower_id  prm_id  prm_energy  prm_theta  prm_phi
55238         14  1.419490  3.532090  4.128440   6.18929 -34.1098  2200.0       3813    1608     1440.13     30.440  101.916
63996         14 -0.230641 -0.636102  0.864379  33.84080  27.5995  2200.0       4224    1608     1304.29     44.096  -92.523

