Tabla para CorsikaId 1:
      CorsikaId        px        py        pz          x         y        z  shower_id  prm_id  prm_energy  prm_theta  prm_phi
311           1  0.000075 -0.000187  0.000136 -231.02000  124.8780  2199.99         34     703     8481.66     76.664  155.197
317           1 -0.002387  0.001508  0.000999  200.15100  -68.1079  2200.00         34     703     8481.66     76.664  155.197
318           1 -0.027085  0.012571  0.006724  -51.89260  -12.7864  2200.00         34     703     8481.66     76.664  155.197
319           1 -0.000172  0.000104  0.000148 -227.02300   56.7336  2200.00         34     703     8481.66     76.664  155.197
321           1 -0.000070 -0.000289  0.000447  348.90600 -263.4950  2199.99         34     703     8481.66     76.664  155.197
322           1 -0.000079 -0.000045  0.000695  216.25700 -138.5840  2199.99         34     703     8481.66     76.664  155.197
323           1 -0.010924  0.005312  0.002924   -5.94077  -21.6408  2200.00         34     703     8481.66     76.664  155.197
324           1 -0.009835  0.004875  0.002668   -1.93105  -20.8886  2200.00         34     703     8481.66     76.664  155.197
325           1 -0.015186  0.007486  0.004056   -7.22310  -19.2100  2200.00         34     703     8481.66     76.664  155.197
326           1  0.000071  0.000023  0.000097  184.85700  -77.9669  2200.00         34     703     8481.66     76.664  155.197
327           1 -0.000079 -0.000332  0.000151  220.09300 -205.5150  2199.99         34     703     8481.66     76.664  155.197
328           1 -0.000032 -0.000036  0.000105  106.55800  -90.3800  2200.00         34     703     8481.66     76.664  155.197
329           1 -0.002595  0.001292  0.000732   -2.64815  -19.7305  2200.00         34     703     8481.66     76.664  155.197
330           1 -0.021312  0.010552  0.006621    1.81012  -21.6173  2200.00         34     703     8481.66     76.664  155.197
332           1 -0.001980  0.003179  0.001128  286.62600   73.4769  2199.99         34     703     8481.66     76.664  155.197
333           1 -0.025768  0.014229  0.009477  178.31900  -80.9913  2200.00         34     703     8481.66     76.664  155.197
1274          1  0.000397  0.000493  0.000378 -273.42700  443.0280  2199.98        124    1206     1331.41     72.469   25.090
4583          1 -0.014007  0.002988  0.002316 -472.23500 -372.1390  2199.97        643    1608     9378.15     76.564  160.337
4584          1 -0.007344  0.003920  0.005123   86.38080 -387.9790  2199.99        643    1608     9378.15     76.564  160.337
4585          1  0.000056 -0.000272  0.000086  223.53500 -316.9700  2199.99        643    1608     9378.15     76.564  160.337
5183          1 -0.011404 -0.010664  0.002392  367.82100  133.9980  2199.99        715    2412     2590.06     70.252 -133.051
5805          1 -0.000958 -0.000997  0.000173  -37.83040 -348.5360  2199.99        783    2412     6688.16     73.415 -135.954

Tabla para CorsikaId 2:
     CorsikaId        px        py        pz        x        y       z  shower_id  prm_id  prm_energy  prm_theta  prm_phi
320          2 -0.004092 -0.001083  0.000818 -230.278  52.3795  2200.0         34     703     8481.66     76.664  155.197

Tabla para CorsikaId 3:
     CorsikaId        px        py        pz        x        y       z  shower_id  prm_id  prm_energy  prm_theta  prm_phi
331          3 -0.271399  0.132019  0.085232  1.64511 -21.5132  2200.0         34     703     8481.66     76.664  155.197

Tabla para CorsikaId 5:
      CorsikaId         px         py        pz         x        y        z  shower_id  prm_id  prm_energy  prm_theta  prm_phi
1047          5    4.08807  -0.841512   1.33113  273.6280  313.444  2199.99         86     703     656.511     72.182  -10.530
1107          5    6.15691   3.667470   2.47280  -56.5045  126.323  2200.00         90    1206    2530.820     70.084   30.052
1235          5    7.85589   5.853030   2.95406  -75.5755  108.894  2200.00        115    1206    5082.470     73.621   36.833
4577          5  -18.88110   6.764420   4.79282 -257.1660  135.633  2199.99        643    1608    9378.150     76.564  160.337
4732          5 -102.74300  36.230300  25.65980 -422.4580 -370.608  2199.98        643    1608    9378.150     76.564  160.337
6054          5   20.70760   3.611470   6.81880 -246.9700  497.241  2199.98        784    2412    7580.180     72.332    9.767

Tabla para CorsikaId 6:
      CorsikaId         px        py        pz          x         y        z  shower_id  prm_id  prm_energy  prm_theta  prm_phi
263           6   10.48900 -33.79700  12.73540  197.81100 -292.9970  2199.99         27     703     2211.30     70.855  -72.540
269           6    6.63390 -21.86420   8.16378  -68.82390 -395.5760  2199.99         27     703     2211.30     70.855  -72.540
310           6  -26.43230  12.39120   6.80697   -6.19304   39.3492  2200.00         34     703     8481.66     76.664  155.197
316           6 -172.24500  80.04320  44.77460  -18.70230  -27.9259  2200.00         34     703     8481.66     76.664  155.197
339           6 -166.67400  76.71650  43.04870 -203.15300 -294.9060  2199.99         34     703     8481.66     76.664  155.197
616           6 -194.09600  89.67530  50.42030 -169.65000 -112.6170  2200.00         34     703     8481.66     76.664  155.197
998           6  -53.03450  45.36870  19.24650  347.55200 -367.8050  2199.98         80     703     3793.54     74.342  139.699
1009          6  -37.70030  33.02300  13.64090  302.52800  318.9800  2199.98         80     703     3793.54     74.342  139.699
1026          6  -52.50640  44.90800  18.98920 -114.90100  -33.2506  2200.00         80     703     3793.54     74.342  139.699
1187          6   11.16840   8.26741   3.94984    7.25783 -301.4940  2199.99        115    1206     5082.47     73.621   36.833
1417          6 -168.00600  25.98330  45.22070  470.04300  -76.6522  2199.98        143    1206     6427.88     75.123  171.385
1469          6  -59.04380   9.15134  15.79230  -92.41730 -273.4120  2199.99        143    1206     6427.88     75.123  171.385
1477          6  -41.76940   6.65243  11.38740  320.45100 -286.0390  2199.99        143    1206     6427.88     75.123  171.385
1605          6  -38.50340   5.94355  10.22290 -235.70400 -233.4820  2199.99        143    1206     6427.88     75.123  171.385
3147          6    9.36197 -27.34230   7.46589 -409.01500   31.7975  2199.99        405    1608     5623.79     76.658  -70.545
3448          6    6.70110   5.28962   2.44798  214.63600  322.0560  2199.99        428    1608     3713.19     72.995   38.126
3868          6   -6.09428   1.70135   1.97523 -304.12100  -64.2212  2199.99        522    1608     3199.15     71.467  165.460
4485          6  -20.69200 -10.93250   5.91726  448.27300  167.2620  2199.98        628    1608     3334.97     76.642 -151.204
4674          6  -25.07040   9.23234   6.14383 -389.86000  -22.8829  2199.99        643    1608     9378.15     76.564  160.337
4731          6  -90.21380  32.50470  22.58250  -17.93470 -211.6310  2200.00        643    1608     9378.15     76.564  160.337
4734          6  -33.18450  12.23860   8.19897 -152.01700 -124.6010  2200.00        643    1608     9378.15     76.564  160.337
4878          6   -6.80561   5.19853   2.61712  126.96200  320.1790  2199.99        688    2412     3277.74     71.764  144.358
5779          6  -29.12830 -27.57100  12.57420  118.66800 -242.4350  2199.99        783    2412     6688.16     73.415 -135.954
5919          6  -12.96950 -12.32440   5.70662  297.93700 -141.2980  2199.99        783    2412     6688.16     73.415 -135.954
5987          6   -7.16318  -6.87782   3.21177 -362.38900 -464.2200  2199.97        783    2412     6688.16     73.415 -135.954
6066          6   20.91940   3.67305   6.79548  156.95000  411.8820  2199.98        784    2412     7580.18     72.332    9.767

