Tabla para CorsikaId 1:
        CorsikaId        px        py        pz          x          y       z  shower_id  prm_id  prm_energy  prm_theta  prm_phi
1238            1  0.005656 -0.009697  0.015160  -1.592230   4.809220  2200.0         90     703    1972.530     45.119  -72.583
10390           1  0.000294  0.000457  0.001487 -17.700300   7.481800  2200.0        880    1206    2174.310     33.284  -73.387
14415           1 -0.001359 -0.004467  0.020329 -18.214500   0.629618  2200.0       1154    1206    1121.810     17.840  -90.635
25255           1 -0.000920 -0.000127  0.001395 -21.925800 -18.358400  2200.0       1903    1206    2172.680     38.760 -148.115
25256           1 -0.004621 -0.000641  0.006971 -22.931200 -18.528200  2200.0       1903    1206    2172.680     38.760 -148.115
25259           1 -0.006234 -0.001163  0.009389  -8.975590 -22.153500  2200.0       1903    1206    2172.680     38.760 -148.115
29261           1 -0.006653 -0.003001  0.018254  24.740000 -16.712200  2200.0       2130    1206    4854.510     26.274 -152.800
30148           1  0.000094  0.000070  0.000227   1.509910 -11.065600  2200.0       2130    1206    4854.510     26.274 -152.800
30149           1 -0.001729 -0.000154  0.003610  -8.556770  -9.885480  2200.0       2130    1206    4854.510     26.274 -152.800
30152           1 -0.005517 -0.002173  0.013036  18.415300 -16.041300  2200.0       2130    1206    4854.510     26.274 -152.800
30153           1 -0.065806 -0.023338  0.154870  18.187000  -5.138600  2200.0       2130    1206    4854.510     26.274 -152.800
30243           1 -0.010972 -0.003827  0.026401  19.803200 -11.588800  2200.0       2130    1206    4854.510     26.274 -152.800
37688           1  0.008406 -0.000532  0.006446  23.030200   1.654870  2200.0       2799    1206    3249.440     44.521    6.792
37783           1  0.008748  0.000715  0.012046   4.841150  15.978900  2200.0       2799    1206    3249.440     44.521    6.792
38227           1  0.000722  0.000141  0.002596  -9.486590  20.843700  2200.0       2799    1206    3249.440     44.521    6.792
41014           1 -0.003801 -0.001305  0.020048   6.929810 -16.960400  2200.0       2975    1206    1040.150     15.324 -160.313
41929           1 -0.000326  0.000061  0.000221  23.264100 -14.874100  2200.0       2975    1206    1040.150     15.324 -160.313
47758           1  0.002562  0.001071  0.003550   6.592760  23.827200  2200.0       3325    1206     979.069      8.803   11.392
50381           1 -0.000068  0.000029  0.000083  23.353000  23.339300  2200.0       3467    1206     813.897     10.916  -87.103
54118           1  0.000290  0.000174  0.000249 -16.025500 -22.909500  2200.0       3729    1206    4592.940     56.662 -170.346
57612           1 -0.001557  0.001046  0.002964   7.924230   7.831470  2200.0       3905    1608    1198.790     26.003  178.553
59630           1  0.000217 -0.000211  0.000064  17.206400  -4.663380  2200.0       4020    1608    6885.520     33.992 -174.606
59676           1 -0.001463  0.000446  0.002737   6.082100  21.436700  2200.0       4020    1608    6885.520     33.992 -174.606
59799           1 -0.000057  0.000052  0.000304  -9.849110 -24.596700  2200.0       4020    1608    6885.520     33.992 -174.606
59898           1 -0.000490  0.000629  0.001556  -8.768300  14.097500  2200.0       4020    1608    6885.520     33.992 -174.606
60571           1  0.003437 -0.002709  0.004671  -3.758360  17.324200  2200.0       4036    1608    1937.160     45.656  -42.867
70632           1 -0.000010  0.000043  0.000065  -4.695150  -2.834940  2200.0       4664    1608    1078.690     42.656  128.815
70637           1 -0.002344  0.003459  0.002995  22.651100   2.156120  2200.0       4664    1608    1078.690     42.656  128.815
70638           1 -0.000030  0.000048  0.000040  23.521900   3.580950  2200.0       4664    1608    1078.690     42.656  128.815
70639           1 -0.000110  0.000164  0.000116  20.546800   7.075610  2200.0       4664    1608    1078.690     42.656  128.815
71193           1  0.000056  0.000035  0.000033  22.652400  17.690500  2200.0       4665    1608    4756.860     31.725  -50.907
71731           1  0.000886 -0.000677  0.004476 -16.861200  23.963200  2200.0       4665    1608    4756.860     31.725  -50.907
90980           1  0.001190  0.001305  0.002790  16.979700  -1.267130  2200.0       5946    1608     740.971     27.382    9.977
102866          1  0.000034 -0.000016  0.000125 -16.543600 -21.328900  2200.0       6651    1608    5969.510     54.727  -57.599
109132          1  0.000243 -0.001129  0.001417  24.405100  11.077100  2200.0       6999    2412    2817.720     12.925 -150.616
122471          1 -0.014971  0.007949  0.043433  -0.671173   1.190580  2200.0       7662    2412     602.114     23.590  169.723
124310          1  0.009301 -0.002843  0.020439  -7.707000   9.449360  2200.0       7768    2412    8037.400     24.772  -18.369

Tabla para CorsikaId 2:
       CorsikaId        px        py        pz        x        y       z  shower_id  prm_id  prm_energy  prm_theta  prm_phi
11921          2  0.000435 -0.001975  0.013976 -17.0582 -17.8683  2200.0        958    1206     1285.97      8.652  -58.714

Tabla para CorsikaId 3:
       CorsikaId        px        py        pz         x         y       z  shower_id  prm_id  prm_energy  prm_theta  prm_phi
11922          3  0.004405 -0.002416  0.036550 -17.01510 -17.90940  2200.0        958    1206     1285.97      8.652  -58.714
29257          3 -0.006737  0.000343  0.016651   4.88497   8.64071  2200.0       2130    1206     4854.51     26.274 -152.800
70640          3 -0.015758  0.021497  0.017398  20.56320   7.88819  2200.0       4664    1608     1078.69     42.656  128.815

Tabla para CorsikaId 5:
        CorsikaId         px       py        pz         x         y       z  shower_id  prm_id  prm_energy  prm_theta  prm_phi
59546           5 -11.780500 -1.11016  17.50330 -22.26510 -22.24610  2200.0       4020    1608    6885.520     33.992 -174.606
66813           5   0.076459 -1.92252   6.54507 -18.49880  14.86650  2200.0       4379    1608     723.541     16.084  -84.068
72462           5   5.782530 -7.63070   8.07248   7.09319 -12.32240  2200.0       4683    1608    7428.730     49.931  -52.722
82644           5   3.837390  3.66000   8.41611 -16.37360 -17.72460  2200.0       5345    1608    9931.020     32.685   43.875
124002          5  23.918000 -7.71391  54.78400 -10.66320  -7.46512  2200.0       7768    2412    8037.400     24.772  -18.369

Tabla para CorsikaId 6:
        CorsikaId         px         py        pz         x          y       z  shower_id  prm_id  prm_energy  prm_theta  prm_phi
24420           6   1.367940   0.114535   2.04850   1.44751   6.493200  2200.0       1869    1206    1096.990     32.648    1.591
71423           6   1.048630  -1.103530   2.65552  -1.73037   1.698880  2200.0       4665    1608    4756.860     31.725  -50.907
82256           6  27.137600  26.261200  58.72910 -13.07090  -6.543890  2200.0       5345    1608    9931.020     32.685   43.875
86957           6   1.286050   0.827424   3.07352   2.45121  15.190200  2200.0       5585    1608    2956.000     25.895   29.887
90993           6   1.171000   0.318428   2.66435 -19.21760 -22.411100  2200.0       5946    1608     740.971     27.382    9.977
101321          6   0.441202  -0.452491   2.66654  -7.99651  19.236800  2200.0       6624    1608     785.122     14.896  -47.105
109349          6  -0.949924  -0.195348   4.84037  22.14850  -0.793492  2200.0       6999    2412    2817.720     12.925 -150.616
117322          6   0.098553   0.014708   0.29987  -9.15683 -11.291400  2200.0       7402    2412    1205.020      5.728   52.803
124700          6  20.298500  -6.494170  46.43970  -3.78279  15.343300  2200.0       7768    2412    8037.400     24.772  -18.369
124874          6  24.629000  -7.944280  56.58830 -14.12460   0.604747  2200.0       7768    2412    8037.400     24.772  -18.369
124875          6   6.688030  -2.147270  15.27850  -6.70788  11.803400  2200.0       7768    2412    8037.400     24.772  -18.369

