Tabla para CorsikaId 1:
      CorsikaId        px        py        pz          x          y        z  shower_id  prm_id  prm_energy  prm_theta  prm_phi
127           1  0.000035 -0.000016  0.000037 -460.78600 -165.50600  2199.98         13    1206     5013.57     72.641   11.155
134           1  0.000252 -0.000044  0.000611  151.49700  -14.66630  2200.00         13    1206     5013.57     72.641   11.155
135           1  0.001877  0.000576  0.001066 -124.81400  196.29500  2200.00         13    1206     5013.57     72.641   11.155
137           1  0.000271  0.000657  0.000481 -220.31200   55.62830  2200.00         13    1206     5013.57     72.641   11.155
138           1  0.055908  0.015756  0.017143   -6.81209   59.89450  2200.00         13    1206     5013.57     72.641   11.155
141           1  0.000145  0.000136  0.000098 -272.26600   82.51050  2199.99         13    1206     5013.57     72.641   11.155
146           1  0.005742  0.002531  0.001320  165.80200 -221.67300  2199.99         13    1206     5013.57     72.641   11.155
147           1  0.000048  0.000024  0.000033  115.53400 -252.53900  2199.99         13    1206     5013.57     72.641   11.155
154           1  0.001074  0.000170  0.000253 -259.39400  -35.35310  2199.99         13    1206     5013.57     72.641   11.155
155           1  0.005104  0.001053  0.001241 -268.34600  -25.02050  2199.99         13    1206     5013.57     72.641   11.155
173           1 -0.000012  0.000093  0.000144 -334.11000 -374.36000  2199.98         13    1206     5013.57     72.641   11.155
203           1  0.000243  0.001140  0.000337 -184.64700 -307.76700  2199.99         13    1206     5013.57     72.641   11.155
1369          1 -0.000121  0.000166  0.000109  484.23700 -212.58900  2199.98        141    2412     4369.14     74.505   12.083
1388          1  0.000028 -0.000019  0.000084 -490.07200 -167.44000  2199.98        141    2412     4369.14     74.505   12.083
1389          1  0.005398 -0.000928  0.001906  415.95400 -440.97100  2199.97        141    2412     4369.14     74.505   12.083
1390          1 -0.000147  0.000225  0.000243  217.18900 -215.85200  2199.99        141    2412     4369.14     74.505   12.083
1396          1  0.000042 -0.000088  0.000082  272.89200 -234.20900  2199.99        141    2412     4369.14     74.505   12.083
1402          1 -0.000006 -0.000172  0.000154  424.10700 -159.09800  2199.98        141    2412     4369.14     74.505   12.083
1408          1  0.096411  0.020167  0.035436  457.51800 -167.81000  2199.98        141    2412     4369.14     74.505   12.083
1409          1  0.001062  0.000911  0.001734  337.29000 -170.50500  2199.99        141    2412     4369.14     74.505   12.083
1410          1  0.002154  0.000395  0.000796  439.60800 -179.41200  2199.98        141    2412     4369.14     74.505   12.083
1411          1  0.004689  0.001082  0.001577  476.26500 -153.48800  2199.98        141    2412     4369.14     74.505   12.083
1412          1  0.026984  0.006726  0.013058  395.50400 -174.92800  2199.99        141    2412     4369.14     74.505   12.083
1414          1  0.000309  0.000073  0.000231  488.00700 -152.85200  2199.98        141    2412     4369.14     74.505   12.083
1415          1 -0.000304  0.001560  0.000714  430.59400  -59.08250  2199.99        141    2412     4369.14     74.505   12.083
1417          1 -0.000066  0.000278  0.000130  376.86500    8.42175  2199.99        141    2412     4369.14     74.505   12.083
1424          1 -0.000188 -0.000007  0.000096  185.99700  -16.57200  2200.00        141    2412     4369.14     74.505   12.083
1426          1 -0.000011  0.000067  0.000047  294.77100 -239.30800  2199.99        141    2412     4369.14     74.505   12.083
1427          1 -0.000041 -0.000126  0.000274 -359.91400 -485.30500  2199.97        141    2412     4369.14     74.505   12.083
1430          1 -0.000026  0.000148  0.000238  -53.96920 -204.48500  2200.00        141    2412     4369.14     74.505   12.083
1431          1 -0.000007  0.000617  0.000130 -191.72400  188.80200  2199.99        141    2412     4369.14     74.505   12.083
1432          1  0.000908  0.000074  0.000445  352.31200 -254.22800  2199.99        141    2412     4369.14     74.505   12.083
1433          1  0.006422  0.000398  0.004164  274.45600 -264.91700  2199.99        141    2412     4369.14     74.505   12.083
1434          1 -0.000014 -0.000136  0.000416  -15.57120 -412.89200  2199.99        141    2412     4369.14     74.505   12.083

Tabla para CorsikaId 3:
     CorsikaId        px        py        pz       x        y        z  shower_id  prm_id  prm_energy  prm_theta  prm_phi
148          3  0.002912  0.000963  0.002768  110.86 -254.013  2199.99         13    1206     5013.57     72.641   11.155

Tabla para CorsikaId 5:
     CorsikaId       px       py        pz        x          y        z  shower_id  prm_id  prm_energy  prm_theta  prm_phi
159          5  33.6630  6.72370  10.84160 -293.943   -6.44614  2199.99         13    1206     5013.57     72.641   11.155
302          5  38.1090  7.53192  12.31350  290.689 -273.64800  2199.99         13    1206     5013.57     72.641   11.155
682          5  12.8845  2.47628   2.89004 -200.028  163.22400  2199.99         91    1608     2485.04     77.549   10.598

Tabla para CorsikaId 6:
     CorsikaId         px        py        pz        x         y        z  shower_id  prm_id  prm_energy  prm_theta  prm_phi
35           6    8.42656  -9.26746   4.48336  182.805 -496.8920  2199.98          5     703     1387.38     71.553  -47.242
86           6   19.26030   3.67844   6.07157 -166.387 -230.4920  2199.99         13    1206     5013.57     72.641   11.155
96           6  127.24800  25.13970  40.45600 -178.170   25.5787  2200.00         13    1206     5013.57     72.641   11.155
372          6   10.62130  -4.20422   3.94303  161.443 -249.7610  2199.99         18    1206     1765.36     70.942  -21.026
388          6    3.64512  -1.41562   1.43714  293.739  -93.4478  2199.99         18    1206     1765.36     70.942  -21.026

