Tabla para CorsikaId 1:
    CorsikaId        px        py        pz          x         y        z  shower_id  prm_id  prm_energy  prm_theta  prm_phi
0           1 -0.000133  0.000508  0.009462   5708.940  1602.280  2197.24          1    2412     577.431       40.0 -160.683
1           1  0.000107  0.000456  0.002025  -5766.890 -3040.830  2196.67          1    2412     577.431       40.0 -160.683
5           1 -0.000099  0.000002  0.000133   3469.170  6539.230  2195.70          1    2412     577.431       40.0 -160.683
6           1 -0.000097  0.000002  0.000132   3469.200  6539.240  2195.70          1    2412     577.431       40.0 -160.683
9           1 -0.012596  0.037108  0.090336  -1533.900  -809.794  2199.76          1    2412     577.431       40.0 -160.683
11          1 -0.000703 -0.000301  0.000629 -11684.000 -4082.440  2187.98          1    2412     577.431       40.0 -160.683
12          1 -0.000388 -0.000700  0.000663 -10598.600 -4507.020  2189.59          1    2412     577.431       40.0 -160.683
13          1 -0.000934 -0.000126  0.000285 -10844.500 -3989.980  2189.53          1    2412     577.431       40.0 -160.683
14          1 -0.000580 -0.000100  0.000915 -10623.700 -3971.450  2189.91          1    2412     577.431       40.0 -160.683
15          1 -0.000046  0.000019  0.000134 -11204.200 -3998.760  2188.90          1    2412     577.431       40.0 -160.683
16          1  0.000045 -0.000247  0.000511 -11085.200 -4324.160  2188.89          1    2412     577.431       40.0 -160.683
19          1 -0.002514 -0.006257  0.035683   4565.490 -1174.090  2198.26          1    2412     577.431       40.0 -160.683
20          1 -0.009042 -0.000275  0.010194  -2973.530 -1672.160  2199.09          1    2412     577.431       40.0 -160.683
22          1  0.000183  0.000133  0.000109    923.336 -1422.120  2199.77          1    2412     577.431       40.0 -160.683
23          1 -0.000875 -0.003168  0.002393    514.869 -2781.280  2199.37          1    2412     577.431       40.0 -160.683
25          1  0.000004 -0.000020  0.000052   1254.760 -1500.170  2199.70          1    2412     577.431       40.0 -160.683
26          1 -0.000755 -0.000792  0.000562   1170.320 -1499.240  2199.72          1    2412     577.431       40.0 -160.683
27          1 -0.057998 -0.021776  0.084909   1167.560 -1492.430  2199.72          1    2412     577.431       40.0 -160.683
29          1 -0.016805 -0.037554  0.038696   1232.750 -2801.190  2199.27          1    2412     577.431       40.0 -160.683
30          1  0.000278  0.000553  0.001425   1818.880 -1160.160  2199.63          1    2412     577.431       40.0 -160.683
31          1 -0.005051 -0.008608  0.017425   1542.650 -2018.170  2199.49          1    2412     577.431       40.0 -160.683
32          1 -0.002305 -0.003305  0.007572   1526.500 -1953.810  2199.52          1    2412     577.431       40.0 -160.683
33          1 -0.010734 -0.017801  0.041078   1571.150 -1951.270  2199.51          1    2412     577.431       40.0 -160.683
34          1 -0.006917 -0.012975  0.029822   1595.530 -1949.700  2199.50          1    2412     577.431       40.0 -160.683
35          1 -0.000530 -0.003698  0.013904   1727.550 -1848.810  2199.50          1    2412     577.431       40.0 -160.683
36          1 -0.001165  0.000771  0.000849   1324.610 -1503.870  2199.68          1    2412     577.431       40.0 -160.683
40          1 -0.177453 -0.063310  0.199923   -575.823 -1764.430  2199.73          1    2412     577.431       40.0 -160.683
41          1 -0.023623 -0.008396  0.026542   -578.480 -1764.050  2199.73          1    2412     577.431       40.0 -160.683
42          1  0.000031 -0.000059  0.000111   -542.035 -1720.040  2199.74          1    2412     577.431       40.0 -160.683
43          1 -0.003671 -0.001129  0.001361   -906.183 -1792.820  2199.68          1    2412     577.431       40.0 -160.683
44          1 -0.000144 -0.000038  0.000403   -525.507 -1793.080  2199.73          1    2412     577.431       40.0 -160.683
45          1 -0.001291  0.000444  0.000933   -747.588 -1724.320  2199.72          1    2412     577.431       40.0 -160.683
46          1 -0.001415 -0.000612  0.001068   -692.005 -1786.300  2199.71          1    2412     577.431       40.0 -160.683
47          1 -0.010092 -0.003792  0.011286   -609.163 -1791.770  2199.72          1    2412     577.431       40.0 -160.683
48          1 -0.001856 -0.001426  0.001913   -696.872 -1980.170  2199.65          1    2412     577.431       40.0 -160.683
49          1 -0.000130 -0.000055  0.000635   -360.762 -1737.300  2199.75          1    2412     577.431       40.0 -160.683
50          1  0.000048 -0.000070  0.000307   -673.409 -1587.540  2199.77          1    2412     577.431       40.0 -160.683
51          1 -0.000079  0.000118  0.000195   -497.903 -1454.400  2199.81          1    2412     577.431       40.0 -160.683
52          1 -0.000112  0.000059  0.000489   -785.144 -1655.430  2199.74          1    2412     577.431       40.0 -160.683
53          1 -0.000919 -0.000376  0.000325  -1074.110 -1726.670  2199.68          1    2412     577.431       40.0 -160.683
54          1 -0.000961 -0.000490  0.001104   -613.687 -1794.170  2199.72          1    2412     577.431       40.0 -160.683
55          1 -0.024143 -0.016791  0.028815   -609.340 -1813.880  2199.71          1    2412     577.431       40.0 -160.683
56          1 -0.000284  0.000174  0.000360   -608.656 -1779.090  2199.72          1    2412     577.431       40.0 -160.683
57          1 -0.000530 -0.000493  0.000710   -612.612 -1825.840  2199.71          1    2412     577.431       40.0 -160.683
58          1 -0.019623 -0.016952  0.026551   -612.827 -1824.310  2199.71          1    2412     577.431       40.0 -160.683
60          1 -0.017616 -0.004501  0.030239    601.616 -1078.820  2199.88          1    2412     577.431       40.0 -160.683
61          1  0.000293 -0.000440  0.000846    752.620 -1476.680  2199.78          1    2412     577.431       40.0 -160.683
62          1 -0.000151  0.000177  0.000062   1905.380 -4570.460  2198.08          1    2412     577.431       40.0 -160.683
63          1 -0.017723 -0.016232  0.029328  -6141.270 -7935.060  2192.10          1    2412     577.431       40.0 -160.683
66          1 -0.004122 -0.003130  0.004875    951.165 -4043.390  2198.65          1    2412     577.431       40.0 -160.683
67          1 -0.000315 -0.000375  0.001185   1034.560 -2177.480  2199.54          1    2412     577.431       40.0 -160.683
68          1 -0.069343 -0.070892  0.132215    974.319 -2239.470  2199.53          1    2412     577.431       40.0 -160.683

Tabla para CorsikaId 3:
   CorsikaId        px        py        pz        x        y       z  shower_id  prm_id  prm_energy  prm_theta  prm_phi
7          3 -0.218156  0.003824  0.294982  3469.19  6539.25  2195.7          1    2412     577.431       40.0 -160.683

Tabla para CorsikaId 5:
    CorsikaId       px        py       pz        x        y        z  shower_id  prm_id  prm_energy  prm_theta  prm_phi
4           5 -1.00234 -0.712200  1.27049 -1341.05 -8431.68  2194.28          1    2412     577.431       40.0 -160.683
65          5 -0.49434 -0.425622  1.01726  1932.08 -2357.71  2199.27          1    2412     577.431       40.0 -160.683

Tabla para CorsikaId 6:
    CorsikaId        px        py        pz         x         y        z  shower_id  prm_id  prm_energy  prm_theta  prm_phi
8           6 -2.625450 -0.689890  3.094870 -1672.670  -662.823  2199.75          1    2412     577.431       40.0 -160.683
17          6 -1.000730 -0.243684  1.193730   155.250 -1440.280  2199.84          1    2412     577.431       40.0 -160.683
24          6 -0.717642 -0.245829  0.952857   567.274 -1777.600  2199.73          1    2412     577.431       40.0 -160.683
28          6 -0.206572  0.214292  0.901935  1688.160  -598.850  2199.75          1    2412     577.431       40.0 -160.683
59          6 -0.214913  0.111211  0.259770  -224.556  2201.950  2199.62          1    2412     577.431       40.0 -160.683
64          6 -2.712110 -1.078470  4.051000   796.380 -1674.170  2199.73          1    2412     577.431       40.0 -160.683

Tabla para CorsikaId 13:
    CorsikaId        px        py        pz         x          y        z  shower_id  prm_id  prm_energy  prm_theta  prm_phi
2          13 -0.081021  0.005882  0.606235  5498.680 -2729.8200  2197.04          1    2412     577.431       40.0 -160.683
3          13 -0.062478 -0.044192  0.526238  5505.880 -2775.0600  2197.02          1    2412     577.431       40.0 -160.683
10         13 -0.385945 -0.923073  1.161780 -1710.440 -4889.9000  2197.89          1    2412     577.431       40.0 -160.683
18         13  0.020481 -0.056627  0.410655  4992.280  -473.4380  2198.03          1    2412     577.431       40.0 -160.683
21         13 -0.118632 -0.151484  0.380403 -1881.480 -4258.1700  2198.30          1    2412     577.431       40.0 -160.683
37         13 -0.154767  0.015580  0.352299  1633.170 -1150.0600  2199.69          1    2412     577.431       40.0 -160.683
38         13 -0.810985 -0.468177  0.534928   258.981 -1698.2100  2199.77          1    2412     577.431       40.0 -160.683
39         13 -0.819880 -0.197410  0.623814  -470.712 -1684.0100  2199.76          1    2412     577.431       40.0 -160.683
69         13 -0.163285 -0.254603  0.296435  2656.430   -29.3599  2199.45          1    2412     577.431       40.0 -160.683
70         13 -0.271125  0.013800  0.295786  -183.399  -588.5460  2199.97          1    2412     577.431       40.0 -160.683
71         13 -0.040450  0.277127  0.328923  -203.067  -786.5350  2199.95          1    2412     577.431       40.0 -160.683
72         13 -0.466969 -0.111374  0.342674  -347.339  -924.8180  2199.92          1    2412     577.431       40.0 -160.683

