pablo@pablo:~/Desktop/mastertesis/datanly$ python3 analisis.py 
Tabla para CorsikaId 1:
       CorsikaId        px        py        pz          x         y        z  shower_id  prm_id  prm_energy  prm_theta  prm_phi
3              1 -0.007675  0.000165  0.012360  -6622.380 -11844.10  2185.55          2      14     6.40231      35894    32694
5              1 -0.032387  0.028568  0.024873  10806.700 -51768.30  1980.59          4      14    19.25080      69028   106199
6              1  0.000030 -0.000103  0.000314  13328.700 -52652.50  1968.57          4      14    19.25080      69028   106199
8              1 -0.000469 -0.000233  0.000155    654.155  -4131.55  2198.63          5      14    21.57080      25015   158494
9              1 -0.001633  0.000776  0.003010    850.577  -4061.83  2198.65          5      14    21.57080      25015   158494
...          ...       ...       ...       ...        ...       ...      ...        ...     ...         ...        ...      ...
15820          1  0.003083  0.001918  0.014000  -2025.730 -17595.90  2175.39       2496      14     9.23876      44982    77845
15822          1  0.000480 -0.000438  0.001352  -4397.090 -18366.30  2172.02       2498      14     8.49384      39676    50008
15823          1  0.000556 -0.000180  0.000944  -4353.440 -18303.40  2172.23       2498      14     8.49384      39676    50008
15824          1 -0.000016  0.000018  0.000052  -4481.520 -18348.00  2172.01       2498      14     8.49384      39676    50008
15825          1 -0.001165 -0.000779  0.003129   -601.495  -5925.26  2197.22       2499      14    12.15060      23848   125855

[11898 rows x 12 columns]


Tabla para CorsikaId 2:
       CorsikaId        px        py        pz           x          y        z  shower_id  prm_id  prm_energy  prm_theta  prm_phi
80             2 -0.064462 -0.032259  0.137431  -1940.7800  -5416.070  2197.40         22      14     8.93367      14948  -172711
136            2 -0.092131  0.260599  0.188290  -1983.7500  -7379.330  2195.42         51      14    58.48510      56068   103682
160            2 -0.005279  0.014275  0.003400  11509.2000 -44643.300  2033.25         56      14   143.35000      82577   108414
213            2 -0.006097  0.022571  0.007667  11587.2000 -44889.800  2031.38         56      14   143.35000      82577   108414
224            2 -0.008977  0.035834  0.012228  11611.1000 -44841.400  2031.68         56      14   143.35000      82577   108414
...          ...       ...       ...       ...         ...        ...      ...        ...     ...         ...        ...      ...
15572          2 -0.081617  0.033548  0.053019  -3788.3000  -4857.140  2197.02       2415      14    16.57010      45458   154973
15595          2 -0.071817  0.024987  0.119427   1428.2000  -6580.000  2196.44       2426      14    13.18490      37488   154499
15615          2 -0.013001  0.014561  0.019247   1147.7500  -4504.100  2198.31       2433      14    22.34450      35589   124880
15680          2  0.018333 -0.083774  0.051337    797.2390  -2790.030  2199.34       2465      14   136.58500      55457   -92232
15799          2  0.002505  0.000109  0.004790     99.7535   -635.778  2199.97       2491      14   164.83100      22847    30006

[451 rows x 12 columns]


Tabla para CorsikaId 3:
       CorsikaId        px        py        pz          x          y        z  shower_id  prm_id  prm_energy  prm_theta  prm_phi
12             3  0.000179  0.002333  0.004465   860.2340  -4055.950  2198.65          5      14    21.57080      25015   158494
69             3  0.055027  0.125245  0.057402 -6078.4300 -13642.400  2182.50         21      14     5.82043      38008    62215
127            3  0.001249  0.003341  0.001262 -1982.0600  -7383.330  2195.42         51      14    58.48510      56068   103682
133            3  0.002871  0.018170  0.006973 -1976.0500  -7351.010  2195.45         51      14    58.48510      56068   103682
134            3  0.000552  0.000218  0.001661 -1983.2000  -7382.440  2195.42         51      14    58.48510      56068   103682
...          ...       ...       ...       ...        ...        ...      ...        ...     ...         ...        ...      ...
15775          3  0.000085  0.000318  0.002484  -840.1010   -315.203  2199.94       2491      14   164.83100      22847    30006
15781          3 -0.003620 -0.002151  0.002906  -874.2910    357.831  2199.93       2491      14   164.83100      22847    30006
15798          3  0.000777  0.000477  0.001418    99.7115   -635.819  2199.97       2491      14   164.83100      22847    30006
15809          3 -0.000259 -0.000343  0.001771  -158.0390  -1798.870  2199.74       2492      14    46.69380      15478   138489
15814          3 -0.000011 -0.000186  0.000584 -2447.7100 -23761.300  2155.24       2494      14    22.34760      63304    75283

[790 rows x 12 columns]


Tabla para CorsikaId 5:
       CorsikaId        px        py         pz          x          y        z  shower_id  prm_id  prm_energy  prm_theta  prm_phi
15             5 -0.237143  0.356178   0.490720   -333.674  -9174.180  2193.39          6      14    20.16140      46026   121626
16             5 -0.539736  0.356438   1.672740    898.281  -8446.100  2194.34          7      14     8.43757      28669   140496
19             5 -5.610570  9.042610   2.790220  20835.500 -45480.000  2003.67         10      14   104.66200      79662   119353
20             5 -0.559014 -0.225873   2.318640  -2043.230  -1142.710  2199.57         11      14    25.87070       9075  -142060
30             5  0.512630 -0.149025   2.189210   1434.450  -1681.230  2199.62         13      14   120.06800      11909    -3723
...          ...       ...       ...        ...        ...        ...      ...        ...     ...         ...        ...      ...
15738          5  0.750560 -0.259542   0.707915    838.373    935.154  2199.88       2490      14    66.94960      50692   -21042
15739          5  3.634250  2.075050  10.828300   -144.826   -299.306  2199.99       2491      14   164.83100      22847    30006
15744          5  0.374345  0.222530   1.282290   -468.489   -586.748  2199.96       2491      14   164.83100      22847    30006
15786          5  1.132310  0.498878   3.356500   -375.102   -902.625  2199.93       2491      14   164.83100      22847    30006
15821          5 -0.269093  0.557507   0.690692   -187.168  -9843.350  2192.40       2497      14    13.78230      48617   111861

[1049 rows x 12 columns]


Tabla para CorsikaId 6:
       CorsikaId        px        py         pz         x           y        z  shower_id  prm_id  prm_energy  prm_theta  prm_phi
0              6  0.053965 -0.350600   0.528213   725.291 -5388.30000  2197.68          1      14     15.5748      26712   -85010
18             6 -0.314687 -0.059064   1.571640  -682.124 -3389.51000  2199.06          9      14     11.7600      10247  -139873
22             6  0.398944  0.069938   0.558149  5464.510  1740.75000  2197.42         13      14    120.0680      11909    -3723
23             6  0.413318  0.114738   2.604770 -1297.560     6.26272  2199.87         13      14    120.0680      11909    -3723
29             6  0.390108  0.085314   2.219220 -1194.560   576.42600  2199.86         13      14    120.0680      11909    -3723
...          ...       ...       ...        ...       ...         ...      ...        ...     ...         ...        ...      ...
15743          6  0.713062  0.292158   1.978050  -100.980 -1148.26000  2199.90       2491      14    164.8310      22847    30006
15748          6  0.552794  0.442536   1.724660  -401.779  -388.74100  2199.98       2491      14    164.8310      22847    30006
15807          6  4.161760  2.882900  11.567900  -106.519   214.41600  2200.00       2491      14    164.8310      22847    30006
15808          6 -2.892810  2.758150  14.850100   162.038  -968.99500  2199.92       2492      14     46.6938      15478   138489
15819          6 -0.228571 -0.031277   0.590411   612.694 -1165.89000  2199.86       2495      14     24.9289      16001  -162886

[871 rows x 12 columns]


Tabla para CorsikaId 13:
       CorsikaId        px        py        pz          x          y        z  shower_id  prm_id  prm_energy  prm_theta  prm_phi
1             13 -0.058039 -0.245321  0.321078    326.696  -4890.940  2198.12          1      14    15.57480      26712   -85010
2             13  0.285561 -0.065962  0.257015  -2778.920 -11926.400  2188.24          2      14     6.40231      35894    32694
4             13  0.023382  0.213623  0.798254   -114.390 -16212.900  2179.38          3      14     6.90809      34561    94508
7             13  0.311306  0.313435  0.236346  14177.600 -51949.800  1972.51          4      14    19.25080      69028   106199
17            13 -0.139108  0.296920  0.553219  -4152.130 -15039.300  2180.90          8      14     5.04403      31523    78864
...          ...       ...       ...       ...        ...        ...      ...        ...     ...         ...        ...      ...
15699         13 -0.062249  0.391297  0.259659  -8533.810 -19411.900  2164.73       2469      14     5.53470      42207    62961
15729         13  0.090506  0.087292  0.297841   3410.080  -4483.200  2197.51       2485      14    27.13220      36009  -106041
15732         13 -0.086962  0.184331  0.252511 -18995.000 -19020.500  2143.31       2488      14     6.05704      53602    44323
15742         13  0.131568  0.172002  0.411654  -1621.940  -3227.890  2198.98       2491      14   164.83100      22847    30006
15783         13  0.162727  0.575307  0.762323   -730.963    716.742  2199.92       2491      14   164.83100      22847    30006

[642 rows x 12 columns]


Tabla para CorsikaId 14:
       CorsikaId        px        py        pz          x          y        z  shower_id  prm_id  prm_energy  prm_theta  prm_phi
70            14  0.014161  0.249069  1.023720 -6158.4400 -14115.800  2181.39         21      14     5.82043      38008    62215
503           14 -2.117960 -3.344120  6.650780   333.5130  -1097.340  2199.90         77      14    74.95750      29592  -115530
617           14  0.976937 -0.260359  3.207270  -556.8500    390.628  2199.96         90      14    50.48460      21994   -41473
1040          14 -0.055308 -0.052529  0.450804   893.3080  -2526.440  2199.44        138      14    19.39100      25075  -145482
1104          14 -0.207950 -0.184706  1.652270    96.0735  -7669.510  2195.38        147      14     7.62751       4525  -125163
...          ...       ...       ...       ...        ...        ...      ...        ...     ...         ...        ...      ...
15608         14 -0.369704 -0.277489  0.290937   754.6130  -7497.490  2195.55       2432      14     7.67202      20911   -98983
15655         14  0.579840  0.841742  4.194690 -5529.4300  -3147.190  2196.82       2459      14    14.63670      26530    24368
15668         14  0.086748 -0.101815  0.406010   376.1320 -11314.400  2189.95       2462      14     6.08515      16581   134734
15669         14 -0.281507 -0.451502  4.629780   119.9060  -6003.750  2197.17       2463      14     9.52792       4874   156035
15672         14 -0.172503 -0.314276  0.870879  1701.3900   4218.860  2198.38       2465      14   136.58500      55457   -92232

[125 rows x 12 columns]


pablo@pablo:~/Desktop/mastertesis/datanly$ python3 analisis.py 
Tabla para CorsikaId 1:
       CorsikaId        px        py        pz          x         y        z  shower_id  prm_id  prm_energy  prm_theta  prm_phi
3              1 -0.007675  0.000165  0.012360  -6622.380 -11844.10  2185.55          2      14     6.40231      35894    32694
5              1 -0.032387  0.028568  0.024873  10806.700 -51768.30  1980.59          4      14    19.25080      69028   106199
6              1  0.000030 -0.000103  0.000314  13328.700 -52652.50  1968.57          4      14    19.25080      69028   106199
8              1 -0.000469 -0.000233  0.000155    654.155  -4131.55  2198.63          5      14    21.57080      25015   158494
9              1 -0.001633  0.000776  0.003010    850.577  -4061.83  2198.65          5      14    21.57080      25015   158494
...          ...       ...       ...       ...        ...       ...      ...        ...     ...         ...        ...      ...
15820          1  0.003083  0.001918  0.014000  -2025.730 -17595.90  2175.39       2496      14     9.23876      44982    77845
15822          1  0.000480 -0.000438  0.001352  -4397.090 -18366.30  2172.02       2498      14     8.49384      39676    50008
15823          1  0.000556 -0.000180  0.000944  -4353.440 -18303.40  2172.23       2498      14     8.49384      39676    50008
15824          1 -0.000016  0.000018  0.000052  -4481.520 -18348.00  2172.01       2498      14     8.49384      39676    50008
15825          1 -0.001165 -0.000779  0.003129   -601.495  -5925.26  2197.22       2499      14    12.15060      23848   125855

[11898 rows x 12 columns]


Tabla para CorsikaId 2:
       CorsikaId        px        py        pz           x          y        z  shower_id  prm_id  prm_energy  prm_theta  prm_phi
80             2 -0.064462 -0.032259  0.137431  -1940.7800  -5416.070  2197.40         22      14     8.93367      14948  -172711
136            2 -0.092131  0.260599  0.188290  -1983.7500  -7379.330  2195.42         51      14    58.48510      56068   103682
160            2 -0.005279  0.014275  0.003400  11509.2000 -44643.300  2033.25         56      14   143.35000      82577   108414
213            2 -0.006097  0.022571  0.007667  11587.2000 -44889.800  2031.38         56      14   143.35000      82577   108414
224            2 -0.008977  0.035834  0.012228  11611.1000 -44841.400  2031.68         56      14   143.35000      82577   108414
...          ...       ...       ...       ...         ...        ...      ...        ...     ...         ...        ...      ...
15572          2 -0.081617  0.033548  0.053019  -3788.3000  -4857.140  2197.02       2415      14    16.57010      45458   154973
15595          2 -0.071817  0.024987  0.119427   1428.2000  -6580.000  2196.44       2426      14    13.18490      37488   154499
15615          2 -0.013001  0.014561  0.019247   1147.7500  -4504.100  2198.31       2433      14    22.34450      35589   124880
15680          2  0.018333 -0.083774  0.051337    797.2390  -2790.030  2199.34       2465      14   136.58500      55457   -92232
15799          2  0.002505  0.000109  0.004790     99.7535   -635.778  2199.97       2491      14   164.83100      22847    30006

[451 rows x 12 columns]


Tabla para CorsikaId 3:
       CorsikaId        px        py        pz          x          y        z  shower_id  prm_id  prm_energy  prm_theta  prm_phi
12             3  0.000179  0.002333  0.004465   860.2340  -4055.950  2198.65          5      14    21.57080      25015   158494
69             3  0.055027  0.125245  0.057402 -6078.4300 -13642.400  2182.50         21      14     5.82043      38008    62215
127            3  0.001249  0.003341  0.001262 -1982.0600  -7383.330  2195.42         51      14    58.48510      56068   103682
133            3  0.002871  0.018170  0.006973 -1976.0500  -7351.010  2195.45         51      14    58.48510      56068   103682
134            3  0.000552  0.000218  0.001661 -1983.2000  -7382.440  2195.42         51      14    58.48510      56068   103682
...          ...       ...       ...       ...        ...        ...      ...        ...     ...         ...        ...      ...
15775          3  0.000085  0.000318  0.002484  -840.1010   -315.203  2199.94       2491      14   164.83100      22847    30006
15781          3 -0.003620 -0.002151  0.002906  -874.2910    357.831  2199.93       2491      14   164.83100      22847    30006
15798          3  0.000777  0.000477  0.001418    99.7115   -635.819  2199.97       2491      14   164.83100      22847    30006
15809          3 -0.000259 -0.000343  0.001771  -158.0390  -1798.870  2199.74       2492      14    46.69380      15478   138489
15814          3 -0.000011 -0.000186  0.000584 -2447.7100 -23761.300  2155.24       2494      14    22.34760      63304    75283

[790 rows x 12 columns]


Tabla para CorsikaId 5:
       CorsikaId        px        py         pz          x          y        z  shower_id  prm_id  prm_energy  prm_theta  prm_phi
15             5 -0.237143  0.356178   0.490720   -333.674  -9174.180  2193.39          6      14    20.16140      46026   121626
16             5 -0.539736  0.356438   1.672740    898.281  -8446.100  2194.34          7      14     8.43757      28669   140496
19             5 -5.610570  9.042610   2.790220  20835.500 -45480.000  2003.67         10      14   104.66200      79662   119353
20             5 -0.559014 -0.225873   2.318640  -2043.230  -1142.710  2199.57         11      14    25.87070       9075  -142060
30             5  0.512630 -0.149025   2.189210   1434.450  -1681.230  2199.62         13      14   120.06800      11909    -3723
...          ...       ...       ...        ...        ...        ...      ...        ...     ...         ...        ...      ...
15738          5  0.750560 -0.259542   0.707915    838.373    935.154  2199.88       2490      14    66.94960      50692   -21042
15739          5  3.634250  2.075050  10.828300   -144.826   -299.306  2199.99       2491      14   164.83100      22847    30006
15744          5  0.374345  0.222530   1.282290   -468.489   -586.748  2199.96       2491      14   164.83100      22847    30006
15786          5  1.132310  0.498878   3.356500   -375.102   -902.625  2199.93       2491      14   164.83100      22847    30006
15821          5 -0.269093  0.557507   0.690692   -187.168  -9843.350  2192.40       2497      14    13.78230      48617   111861

[1049 rows x 12 columns]


Tabla para CorsikaId 6:
       CorsikaId        px        py         pz         x           y        z  shower_id  prm_id  prm_energy  prm_theta  prm_phi
0              6  0.053965 -0.350600   0.528213   725.291 -5388.30000  2197.68          1      14     15.5748      26712   -85010
18             6 -0.314687 -0.059064   1.571640  -682.124 -3389.51000  2199.06          9      14     11.7600      10247  -139873
22             6  0.398944  0.069938   0.558149  5464.510  1740.75000  2197.42         13      14    120.0680      11909    -3723
23             6  0.413318  0.114738   2.604770 -1297.560     6.26272  2199.87         13      14    120.0680      11909    -3723
29             6  0.390108  0.085314   2.219220 -1194.560   576.42600  2199.86         13      14    120.0680      11909    -3723
...          ...       ...       ...        ...       ...         ...      ...        ...     ...         ...        ...      ...
15743          6  0.713062  0.292158   1.978050  -100.980 -1148.26000  2199.90       2491      14    164.8310      22847    30006
15748          6  0.552794  0.442536   1.724660  -401.779  -388.74100  2199.98       2491      14    164.8310      22847    30006
15807          6  4.161760  2.882900  11.567900  -106.519   214.41600  2200.00       2491      14    164.8310      22847    30006
15808          6 -2.892810  2.758150  14.850100   162.038  -968.99500  2199.92       2492      14     46.6938      15478   138489
15819          6 -0.228571 -0.031277   0.590411   612.694 -1165.89000  2199.86       2495      14     24.9289      16001  -162886

[871 rows x 12 columns]


Tabla para CorsikaId 13:
       CorsikaId        px        py        pz          x          y        z  shower_id  prm_id  prm_energy  prm_theta  prm_phi
1             13 -0.058039 -0.245321  0.321078    326.696  -4890.940  2198.12          1      14    15.57480      26712   -85010
2             13  0.285561 -0.065962  0.257015  -2778.920 -11926.400  2188.24          2      14     6.40231      35894    32694
4             13  0.023382  0.213623  0.798254   -114.390 -16212.900  2179.38          3      14     6.90809      34561    94508
7             13  0.311306  0.313435  0.236346  14177.600 -51949.800  1972.51          4      14    19.25080      69028   106199
17            13 -0.139108  0.296920  0.553219  -4152.130 -15039.300  2180.90          8      14     5.04403      31523    78864
...          ...       ...       ...       ...        ...        ...      ...        ...     ...         ...        ...      ...
15699         13 -0.062249  0.391297  0.259659  -8533.810 -19411.900  2164.73       2469      14     5.53470      42207    62961
15729         13  0.090506  0.087292  0.297841   3410.080  -4483.200  2197.51       2485      14    27.13220      36009  -106041
15732         13 -0.086962  0.184331  0.252511 -18995.000 -19020.500  2143.31       2488      14     6.05704      53602    44323
15742         13  0.131568  0.172002  0.411654  -1621.940  -3227.890  2198.98       2491      14   164.83100      22847    30006
15783         13  0.162727  0.575307  0.762323   -730.963    716.742  2199.92       2491      14   164.83100      22847    30006

[642 rows x 12 columns]


Tabla para CorsikaId 14:
       CorsikaId        px        py        pz          x          y        z  shower_id  prm_id  prm_energy  prm_theta  prm_phi
70            14  0.014161  0.249069  1.023720 -6158.4400 -14115.800  2181.39         21      14     5.82043      38008    62215
503           14 -2.117960 -3.344120  6.650780   333.5130  -1097.340  2199.90         77      14    74.95750      29592  -115530
617           14  0.976937 -0.260359  3.207270  -556.8500    390.628  2199.96         90      14    50.48460      21994   -41473
1040          14 -0.055308 -0.052529  0.450804   893.3080  -2526.440  2199.44        138      14    19.39100      25075  -145482
1104          14 -0.207950 -0.184706  1.652270    96.0735  -7669.510  2195.38        147      14     7.62751       4525  -125163
...          ...       ...       ...       ...        ...        ...      ...        ...     ...         ...        ...      ...
15608         14 -0.369704 -0.277489  0.290937   754.6130  -7497.490  2195.55       2432      14     7.67202      20911   -98983
15655         14  0.579840  0.841742  4.194690 -5529.4300  -3147.190  2196.82       2459      14    14.63670      26530    24368
15668         14  0.086748 -0.101815  0.406010   376.1320 -11314.400  2189.95       2462      14     6.08515      16581   134734
15669         14 -0.281507 -0.451502  4.629780   119.9060  -6003.750  2197.17       2463      14     9.52792       4874   156035
15672         14 -0.172503 -0.314276  0.870879  1701.3900   4218.860  2198.38       2465      14   136.58500      55457   -92232

[125 rows x 12 columns]


pablo@pablo:~/Desktop/mastertesis/datanly$ python3 analisis.py 
Tabla para CorsikaId 1:
       CorsikaId        px        py        pz         x          y         z  shower_id  prm_id  prm_energy  prm_theta  prm_phi
1134           1  0.000053 -0.000022  0.000388  96790.40 -431674.00 -13172.00        150      14    118.3910     89.455  103.708
1135           1 -0.000102 -0.000171  0.000043  95293.40 -429934.00 -13031.50        150      14    118.3910     89.455  103.708
1136           1 -0.000179  0.000052  0.000121  95298.00 -429865.00 -13026.90        150      14    118.3910     89.455  103.708
1137           1 -0.000229  0.000340  0.000246  95876.00 -431190.00 -13125.30        150      14    118.3910     89.455  103.708
1138           1  0.000347 -0.000014  0.000447  96333.50 -430550.00 -13088.90        150      14    118.3910     89.455  103.708
...          ...       ...       ...       ...       ...        ...       ...        ...     ...         ...        ...      ...
33491          1 -0.000058 -0.000073  0.000078  -5624.48  -29476.30   2129.36       5174      14     70.7255     73.455   80.314
33492          1  0.004277  0.013669  0.011119  -5628.74  -29453.10   2129.46       5174      14     70.7255     73.455   80.314
33493          1  0.001613  0.004710  0.003633  -5625.70  -29450.10   2129.48       5174      14     70.7255     73.455   80.314
33494          1  0.000489  0.001451  0.001168  -5625.78  -29450.40   2129.48       5174      14     70.7255     73.455   80.314
33805          1 -0.000075  0.000153  0.000592  -5987.86   -8202.01   2191.91       5247      14     65.3992     73.474   26.141

[634 rows x 12 columns]


Tabla para CorsikaId 2:
       CorsikaId        px        py        pz          x           y         z  shower_id  prm_id  prm_energy  prm_theta  prm_phi
7317           2 -0.016709  0.035007  0.023596  40667.900 -500442.000 -17607.60       1211      14     6.83643     85.166   97.146
7392           2 -0.007113 -0.007724  0.001142    454.401    4542.430   2198.37       1225      14  8659.20000     73.828 -101.745
7402           2 -0.003833 -0.015076  0.005566    741.202    5028.860   2197.97       1225      14  8659.20000     73.828 -101.745
7420           2 -0.001323 -0.005933  0.003769    750.008    5103.030   2197.91       1225      14  8659.20000     73.828 -101.745
7459           2 -0.001233 -0.005478  0.001297   -230.543    -945.036   2199.93       1225      14  8659.20000     73.828 -101.745
7498           2 -0.029273 -0.122255  0.041335   -236.777    -893.903   2199.93       1225      14  8659.20000     73.828 -101.745
7504           2 -0.024013 -0.053682  0.020823   -261.798    -900.595   2199.93       1225      14  8659.20000     73.828 -101.745
7509           2 -0.044754 -0.191166  0.065650   -234.481    -889.310   2199.93       1225      14  8659.20000     73.828 -101.745
7516           2 -0.001737 -0.003753  0.001744   -242.094    -911.562   2199.93       1225      14  8659.20000     73.828 -101.745
7522           2 -0.075204 -0.335309  0.109103   -239.079    -889.805   2199.93       1225      14  8659.20000     73.828 -101.745
7529           2 -0.073026 -0.294356  0.090430   -247.262    -910.731   2199.93       1225      14  8659.20000     73.828 -101.745
7622           2 -0.014460 -0.053210  0.016775   -303.068   -1705.490   2199.76       1225      14  8659.20000     73.828 -101.745
7624           2 -0.078951 -0.374024  0.089977   -295.892   -1710.950   2199.76       1225      14  8659.20000     73.828 -101.745
7660           2  0.003203 -0.000712  0.002152   -256.180    -649.321   2199.96       1225      14  8659.20000     73.828 -101.745
13483          2 -0.182684  0.001745  0.094630  28851.300    6994.980   2130.86       2164      14    92.67300     72.620 -173.751
16861          2 -0.015086  0.024681  0.008130  44079.100 -106934.000   1150.42       2680      14    14.51040     76.832  121.083
18864          2 -0.006943  0.000423  0.001387 -16454.200  -20170.800   2146.84       3016      14   118.99100     76.689 -139.903
18885          2 -0.004734 -0.002550  0.007889 -16686.400  -20378.700   2145.58       3016      14   118.99100     76.689 -139.903
21915          2  0.007353 -0.000606  0.003943   9324.500   -5029.230   2191.19       3488      14   179.15900     74.965  -35.780
25008          2  0.002836  0.018221  0.008092    587.327   -5910.170   2197.23       4039      14   882.48800     70.251   91.259
25053          2  0.000041  0.006485  0.004244    605.971   -6273.280   2196.88       4039      14   882.48800     70.251   91.259
27084          2  0.192293  0.005667  0.073838 -11213.100   -1513.490   2189.96       4291      14  2303.73000     72.779    0.747
27089          2  3.794270 -0.138234  1.324260  -3363.810   -1404.750   2198.96       4291      14  2303.73000     72.779    0.747
29433          2  0.035314 -0.008011  0.013256  -5721.560     664.757   2197.40       4655      14    80.60210     73.270  -10.041
33495          2  0.023842  0.065766  0.052364  -5625.760  -29450.400   2129.48       5174      14    70.72550     73.455   80.314


Tabla para CorsikaId 3:
       CorsikaId        px        py        pz          x           y         z  shower_id  prm_id  prm_energy  prm_theta  prm_phi
7315           3 -0.003742  0.008126  0.009560  40680.000 -500452.000 -17608.50       1211      14     6.83643     85.166   97.146
7363           3 -0.001635 -0.014384  0.005221   -754.179    1512.140   2199.78       1225      14  8659.20000     73.828 -101.745
7365           3  0.000518 -0.003531  0.008353   -729.249    1612.580   2199.75       1225      14  8659.20000     73.828 -101.745
7369           3  0.000328 -0.000529  0.000785   -762.919    1555.290   2199.76       1225      14  8659.20000     73.828 -101.745
7386           3 -0.003730 -0.004201  0.002410   -548.745    2189.690   2199.60       1225      14  8659.20000     73.828 -101.745
7394           3 -0.011492 -0.009821  0.008830    686.818    5208.460   2197.83       1225      14  8659.20000     73.828 -101.745
7399           3 -0.000095 -0.001197  0.001052    749.563    5167.040   2197.86       1225      14  8659.20000     73.828 -101.745
7400           3 -0.001148 -0.016543  0.012404    746.398    5166.480   2197.86       1225      14  8659.20000     73.828 -101.745
7404           3 -0.005969 -0.040757  0.018205    738.969    4980.550   2198.01       1225      14  8659.20000     73.828 -101.745
7462           3 -0.006950 -0.029781  0.010400   -223.732    -917.057   2199.93       1225      14  8659.20000     73.828 -101.745
7467           3 -0.012726 -0.040525  0.017180   -202.893    -868.789   2199.94       1225      14  8659.20000     73.828 -101.745
7478           3  0.001197  0.000787  0.006117   -229.816    -833.220   2199.94       1225      14  8659.20000     73.828 -101.745
7480           3 -0.062502 -0.225551  0.084700   -250.951    -891.304   2199.93       1225      14  8659.20000     73.828 -101.745
7483           3 -0.087206 -0.345552  0.117661   -240.302    -896.524   2199.93       1225      14  8659.20000     73.828 -101.745
7502           3 -0.000597 -0.006161  0.002206   -258.056    -891.362   2199.93       1225      14  8659.20000     73.828 -101.745
7518           3  0.001287 -0.038165  0.012042   -230.300    -967.762   2199.92       1225      14  8659.20000     73.828 -101.745
7534           3 -0.001752 -0.008682  0.007339   -235.281    -878.890   2199.94       1225      14  8659.20000     73.828 -101.745
7536           3 -0.007981 -0.038167  0.011854   -236.844    -882.400   2199.93       1225      14  8659.20000     73.828 -101.745
7540           3 -0.224876 -0.944441  0.313778   -238.023    -893.275   2199.93       1225      14  8659.20000     73.828 -101.745
7583           3 -0.000738 -0.002524  0.001749   -516.486   -2219.490   2199.59       1225      14  8659.20000     73.828 -101.745
7584           3 -0.007774 -0.059191  0.012297   -511.751   -2222.590   2199.59       1225      14  8659.20000     73.828 -101.745
7601           3 -0.010790 -0.043001  0.008957   -281.994   -1696.760   2199.77       1225      14  8659.20000     73.828 -101.745
7609           3 -0.010510 -0.022570  0.006965   -334.979   -1842.580   2199.72       1225      14  8659.20000     73.828 -101.745
7653           3 -0.027701 -0.065546  0.020154   -281.865   -1546.380   2199.81       1225      14  8659.20000     73.828 -101.745
9602           3  0.000820  0.000499  0.001206  86869.500  -85866.300   1029.48       1552      14     9.33292     76.866  151.700
12641          3  0.289151  0.517260  0.123095 -24673.600  -31499.000   2074.40       1947      14    46.59250     77.792   57.606
13481          3 -0.089238  0.001731  0.045035  28846.800    6996.150   2130.88       2164      14    92.67300     72.620 -173.751
18879          3 -0.003002 -0.002061  0.003548 -16731.200  -20296.700   2145.72       3016      14   118.99100     76.689 -139.903
25016          3  0.023401  0.099565  0.031125    599.128   -5934.340   2197.21       4039      14   882.48800     70.251   91.259
25032          3 -0.002224  0.010377  0.012306    612.018   -6034.030   2197.11       4039      14   882.48800     70.251   91.259
25054          3  0.002791  0.044640  0.025619    606.047   -6273.600   2196.88       4039      14   882.48800     70.251   91.259
29434          3  0.045539 -0.006483  0.013105  -5714.340     666.498   2197.40       4655      14    80.60210     73.270  -10.041
30547          3 -1.133240 -1.469810  0.540145 -22646.300  -37355.700   2050.29       4863      14    58.97700     74.809 -128.043
33487          3  0.000551  0.000402  0.001288  -5547.900  -29403.100   2129.76       5174      14    70.72550     73.455   80.314


Tabla para CorsikaId 5:
       CorsikaId         px         py         pz         x          y        z  shower_id  prm_id  prm_energy  prm_theta  prm_phi
1720           5  -4.195420  13.902800   2.463290  75717.50 -297362.00 -5190.89        221      14     77.6455     87.408  105.598
1783           5   4.987590  -7.437010   1.236080  38565.20  -64497.00  1756.97        233      14    413.1930     75.045  -57.184
1785           5  -0.741289   2.092290   1.571900   1123.90  -73940.40  1770.99        235      14     12.2508     70.785   99.589
2645           5 -55.753700 -52.250700  16.540400 -10678.90  -13895.80  2175.91        405      14    149.9370     76.439 -137.824
4242           5  -5.921820  -5.478120   2.570590  -5257.04   -6873.80  2194.13        552      14    141.7160     70.432 -138.374
...          ...        ...        ...        ...       ...        ...      ...        ...     ...         ...        ...      ...
33851          5   2.739180  -0.470317   0.844702  -7842.54    2131.49  2194.82       5254      14     88.0211     74.988   -9.964
34775          5   1.465300  -2.766950   0.573789  35282.30  -59305.60  1826.41       5324      14     35.5256     73.465  -67.183
35280          5   7.195650   6.048690   2.986250 -15341.30  -10834.70  2172.33       5399      14    112.4930     74.968   39.377
35281          5  17.712200  14.466800   7.230420 -15609.40  -13128.10  2167.36       5399      14    112.4930     74.968   39.377
35283          5  -1.401450   7.786150   3.062560  -1006.59  -10402.80  2191.43       5400      14    144.6740     71.305   97.712

[144 rows x 12 columns]


Tabla para CorsikaId 6:
       CorsikaId         px         py        pz          x           y        z  shower_id  prm_id  prm_energy  prm_theta  prm_phi
857            6  -0.408013   3.150070  0.966272  25531.000 -73480.6000  1725.27        118      14    28.99480     76.218  105.809
1311           6  19.450900  22.785500  5.863440  -1047.160    -22.3671  2199.91        168      14   482.45600     77.876   49.278
1312           6   6.948100   8.517720  2.071040  -4210.230  -1388.2000  2198.46        168      14   482.45600     77.876   49.278
1946           6   0.149780   0.331578  0.255475 -59025.000 -94632.8000  1224.07        285      14     9.58365     73.955   60.801
2710           6  -2.207590   5.734050  2.592580   4090.150 -22980.0000  2157.26        425      14    53.84930     70.019  109.688
...          ...        ...        ...       ...        ...         ...      ...        ...     ...         ...        ...      ...
33810          6  -2.300960  34.260000  6.708300    538.602 -35837.3000  2099.22       5252      14   150.74100     79.873   93.925
33958          6   1.298880  -0.475892  0.732100 -15484.500   2423.3000  2180.73       5263      14    53.95410     72.555  -17.208
35196          6   2.378350  -2.551160  1.465100   1374.830   3206.0200  2199.05       5389      14   130.64900     73.175  -50.799
35282          6  -1.040500   9.846790  2.925400    375.715   -904.1390  2199.92       5400      14   144.67400     71.305   97.712
35284          6  -1.217970   6.015400  2.319680  -2352.140 -12461.6000  2187.38       5400      14   144.67400     71.305   97.712

[98 rows x 12 columns]


Tabla para CorsikaId 13:
       CorsikaId        px        py        pz          x          y          z  shower_id  prm_id  prm_energy  prm_theta  prm_phi
1862          13 -0.089083  0.112351  0.486603 -473241.00 -680743.00 -51953.900        260      14     5.58590     88.932   56.869
1892          13  0.235099 -0.012832  0.553756 -353243.00 -184749.00 -10278.900        270      14     7.50902     84.545   29.034
2053          13  0.124125  0.193984  0.900076 -124203.00 -388725.00 -10877.900        320      14     7.71904     83.659   74.173
2365          13  0.282086  0.365241  0.627765 -349234.00 -408072.00 -20472.100        360      14    10.70460     86.583   50.933
2498          13  0.074782  0.362379  0.466457  -22195.80  -92580.80   1488.900        383      14    10.95780     71.258   80.277
2697          13 -0.163154  0.051423  0.362649 -111313.00  -61416.10    931.936        421      14    15.67210     76.799   30.122
3201          13  0.110523  0.038177  0.418404   66661.20  -43846.30   1700.550        463      14     8.40223     76.665  173.812
3979          13 -0.233905 -0.028071  0.409143  -24792.10 -124835.00    929.119        508      14     5.61205     72.135   81.746
4581          13  0.256263  0.388356  0.558664   32621.70 -141776.00    539.435        660      14    14.85130     77.111  104.427
5027          13 -0.022871 -0.426064  0.173753   14555.40  -54676.90   1948.840        728      14   114.64500     73.103  117.633
7732          13  0.300011  0.053121  0.438376    3779.04 -150532.00    420.972       1241      14     8.79281     75.327   93.706
7960          13 -0.046570 -0.047353  0.362423  -47597.90 -245962.00  -2725.610       1289      14     7.88212     78.033   78.157
13530         13 -0.271903  0.309800  0.569911  -81582.20  -36994.70   1570.470       2174      14    21.06960     73.473   31.980
13909         13 -0.060205 -0.239697  0.222734   17137.40   -7379.05   2172.690       2233      14    37.80630     71.185 -164.751
18690         13  0.253121 -0.127013  0.559951 -115733.00 -188198.00  -1630.490       2979      14     7.17707     78.524   59.462
18799         13  0.203558  0.182585  0.270267   -5839.15  -97459.40   1452.140       2997      14    12.79610     72.205   87.605
19965         13  0.178114  0.382826  0.192940 -122577.00 -312548.00  -6648.330       3199      14     6.30561     81.155   68.451
20803         13  0.132852  0.212865  0.271837   24871.50  -28312.70   2088.580       3366      14    31.79210     80.872 -160.621
23258         13  0.073431  0.025645  0.354926   31176.00 -116794.00   1053.530       3723      14     5.26257     70.929  115.403
27914         13 -0.091929  0.084219  0.573971 -123152.00 -271912.00  -4793.920       4427      14     6.09440     80.678   68.275
29684         13 -0.225173 -0.175190  0.348929 -398958.00 -525955.00 -32080.300       4693      14     5.06365     86.844   53.930
31773         13 -0.392765 -0.232060  0.376138  150053.00 -264308.00  -5050.870       5067      14     5.58829     80.684  132.011


pablo@pablo:~/Desktop/mastertesis/datanly$ python3 analisis.py 
Tabla para CorsikaId 1:
       CorsikaId        px        py        pz         x          y         z  shower_id  prm_id  prm_energy  prm_theta  prm_phi
1134           1  0.000053 -0.000022  0.000388  96790.40 -431674.00 -13172.00        150      14    118.3910     89.455  103.708
1135           1 -0.000102 -0.000171  0.000043  95293.40 -429934.00 -13031.50        150      14    118.3910     89.455  103.708
1136           1 -0.000179  0.000052  0.000121  95298.00 -429865.00 -13026.90        150      14    118.3910     89.455  103.708
1137           1 -0.000229  0.000340  0.000246  95876.00 -431190.00 -13125.30        150      14    118.3910     89.455  103.708
1138           1  0.000347 -0.000014  0.000447  96333.50 -430550.00 -13088.90        150      14    118.3910     89.455  103.708
...          ...       ...       ...       ...       ...        ...       ...        ...     ...         ...        ...      ...
33491          1 -0.000058 -0.000073  0.000078  -5624.48  -29476.30   2129.36       5174      14     70.7255     73.455   80.314
33492          1  0.004277  0.013669  0.011119  -5628.74  -29453.10   2129.46       5174      14     70.7255     73.455   80.314
33493          1  0.001613  0.004710  0.003633  -5625.70  -29450.10   2129.48       5174      14     70.7255     73.455   80.314
33494          1  0.000489  0.001451  0.001168  -5625.78  -29450.40   2129.48       5174      14     70.7255     73.455   80.314
33805          1 -0.000075  0.000153  0.000592  -5987.86   -8202.01   2191.91       5247      14     65.3992     73.474   26.141

[634 rows x 12 columns]


Tabla para CorsikaId 2:
       CorsikaId        px        py        pz          x           y         z  shower_id  prm_id  prm_energy  prm_theta  prm_phi
7317           2 -0.016709  0.035007  0.023596  40667.900 -500442.000 -17607.60       1211      14     6.83643     85.166   97.146
7392           2 -0.007113 -0.007724  0.001142    454.401    4542.430   2198.37       1225      14  8659.20000     73.828 -101.745
7402           2 -0.003833 -0.015076  0.005566    741.202    5028.860   2197.97       1225      14  8659.20000     73.828 -101.745
7420           2 -0.001323 -0.005933  0.003769    750.008    5103.030   2197.91       1225      14  8659.20000     73.828 -101.745
7459           2 -0.001233 -0.005478  0.001297   -230.543    -945.036   2199.93       1225      14  8659.20000     73.828 -101.745
7498           2 -0.029273 -0.122255  0.041335   -236.777    -893.903   2199.93       1225      14  8659.20000     73.828 -101.745
7504           2 -0.024013 -0.053682  0.020823   -261.798    -900.595   2199.93       1225      14  8659.20000     73.828 -101.745
7509           2 -0.044754 -0.191166  0.065650   -234.481    -889.310   2199.93       1225      14  8659.20000     73.828 -101.745
7516           2 -0.001737 -0.003753  0.001744   -242.094    -911.562   2199.93       1225      14  8659.20000     73.828 -101.745
7522           2 -0.075204 -0.335309  0.109103   -239.079    -889.805   2199.93       1225      14  8659.20000     73.828 -101.745
7529           2 -0.073026 -0.294356  0.090430   -247.262    -910.731   2199.93       1225      14  8659.20000     73.828 -101.745
7622           2 -0.014460 -0.053210  0.016775   -303.068   -1705.490   2199.76       1225      14  8659.20000     73.828 -101.745
7624           2 -0.078951 -0.374024  0.089977   -295.892   -1710.950   2199.76       1225      14  8659.20000     73.828 -101.745
7660           2  0.003203 -0.000712  0.002152   -256.180    -649.321   2199.96       1225      14  8659.20000     73.828 -101.745
13483          2 -0.182684  0.001745  0.094630  28851.300    6994.980   2130.86       2164      14    92.67300     72.620 -173.751
16861          2 -0.015086  0.024681  0.008130  44079.100 -106934.000   1150.42       2680      14    14.51040     76.832  121.083
18864          2 -0.006943  0.000423  0.001387 -16454.200  -20170.800   2146.84       3016      14   118.99100     76.689 -139.903
18885          2 -0.004734 -0.002550  0.007889 -16686.400  -20378.700   2145.58       3016      14   118.99100     76.689 -139.903
21915          2  0.007353 -0.000606  0.003943   9324.500   -5029.230   2191.19       3488      14   179.15900     74.965  -35.780
25008          2  0.002836  0.018221  0.008092    587.327   -5910.170   2197.23       4039      14   882.48800     70.251   91.259
25053          2  0.000041  0.006485  0.004244    605.971   -6273.280   2196.88       4039      14   882.48800     70.251   91.259
27084          2  0.192293  0.005667  0.073838 -11213.100   -1513.490   2189.96       4291      14  2303.73000     72.779    0.747
27089          2  3.794270 -0.138234  1.324260  -3363.810   -1404.750   2198.96       4291      14  2303.73000     72.779    0.747
29433          2  0.035314 -0.008011  0.013256  -5721.560     664.757   2197.40       4655      14    80.60210     73.270  -10.041
33495          2  0.023842  0.065766  0.052364  -5625.760  -29450.400   2129.48       5174      14    70.72550     73.455   80.314


Tabla para CorsikaId 3:
       CorsikaId        px        py        pz          x           y         z  shower_id  prm_id  prm_energy  prm_theta  prm_phi
7315           3 -0.003742  0.008126  0.009560  40680.000 -500452.000 -17608.50       1211      14     6.83643     85.166   97.146
7363           3 -0.001635 -0.014384  0.005221   -754.179    1512.140   2199.78       1225      14  8659.20000     73.828 -101.745
7365           3  0.000518 -0.003531  0.008353   -729.249    1612.580   2199.75       1225      14  8659.20000     73.828 -101.745
7369           3  0.000328 -0.000529  0.000785   -762.919    1555.290   2199.76       1225      14  8659.20000     73.828 -101.745
7386           3 -0.003730 -0.004201  0.002410   -548.745    2189.690   2199.60       1225      14  8659.20000     73.828 -101.745
7394           3 -0.011492 -0.009821  0.008830    686.818    5208.460   2197.83       1225      14  8659.20000     73.828 -101.745
7399           3 -0.000095 -0.001197  0.001052    749.563    5167.040   2197.86       1225      14  8659.20000     73.828 -101.745
7400           3 -0.001148 -0.016543  0.012404    746.398    5166.480   2197.86       1225      14  8659.20000     73.828 -101.745
7404           3 -0.005969 -0.040757  0.018205    738.969    4980.550   2198.01       1225      14  8659.20000     73.828 -101.745
7462           3 -0.006950 -0.029781  0.010400   -223.732    -917.057   2199.93       1225      14  8659.20000     73.828 -101.745
7467           3 -0.012726 -0.040525  0.017180   -202.893    -868.789   2199.94       1225      14  8659.20000     73.828 -101.745
7478           3  0.001197  0.000787  0.006117   -229.816    -833.220   2199.94       1225      14  8659.20000     73.828 -101.745
7480           3 -0.062502 -0.225551  0.084700   -250.951    -891.304   2199.93       1225      14  8659.20000     73.828 -101.745
7483           3 -0.087206 -0.345552  0.117661   -240.302    -896.524   2199.93       1225      14  8659.20000     73.828 -101.745
7502           3 -0.000597 -0.006161  0.002206   -258.056    -891.362   2199.93       1225      14  8659.20000     73.828 -101.745
7518           3  0.001287 -0.038165  0.012042   -230.300    -967.762   2199.92       1225      14  8659.20000     73.828 -101.745
7534           3 -0.001752 -0.008682  0.007339   -235.281    -878.890   2199.94       1225      14  8659.20000     73.828 -101.745
7536           3 -0.007981 -0.038167  0.011854   -236.844    -882.400   2199.93       1225      14  8659.20000     73.828 -101.745
7540           3 -0.224876 -0.944441  0.313778   -238.023    -893.275   2199.93       1225      14  8659.20000     73.828 -101.745
7583           3 -0.000738 -0.002524  0.001749   -516.486   -2219.490   2199.59       1225      14  8659.20000     73.828 -101.745
7584           3 -0.007774 -0.059191  0.012297   -511.751   -2222.590   2199.59       1225      14  8659.20000     73.828 -101.745
7601           3 -0.010790 -0.043001  0.008957   -281.994   -1696.760   2199.77       1225      14  8659.20000     73.828 -101.745
7609           3 -0.010510 -0.022570  0.006965   -334.979   -1842.580   2199.72       1225      14  8659.20000     73.828 -101.745
7653           3 -0.027701 -0.065546  0.020154   -281.865   -1546.380   2199.81       1225      14  8659.20000     73.828 -101.745
9602           3  0.000820  0.000499  0.001206  86869.500  -85866.300   1029.48       1552      14     9.33292     76.866  151.700
12641          3  0.289151  0.517260  0.123095 -24673.600  -31499.000   2074.40       1947      14    46.59250     77.792   57.606
13481          3 -0.089238  0.001731  0.045035  28846.800    6996.150   2130.88       2164      14    92.67300     72.620 -173.751
18879          3 -0.003002 -0.002061  0.003548 -16731.200  -20296.700   2145.72       3016      14   118.99100     76.689 -139.903
25016          3  0.023401  0.099565  0.031125    599.128   -5934.340   2197.21       4039      14   882.48800     70.251   91.259
25032          3 -0.002224  0.010377  0.012306    612.018   -6034.030   2197.11       4039      14   882.48800     70.251   91.259
25054          3  0.002791  0.044640  0.025619    606.047   -6273.600   2196.88       4039      14   882.48800     70.251   91.259
29434          3  0.045539 -0.006483  0.013105  -5714.340     666.498   2197.40       4655      14    80.60210     73.270  -10.041
30547          3 -1.133240 -1.469810  0.540145 -22646.300  -37355.700   2050.29       4863      14    58.97700     74.809 -128.043
33487          3  0.000551  0.000402  0.001288  -5547.900  -29403.100   2129.76       5174      14    70.72550     73.455   80.314


Tabla para CorsikaId 5:
       CorsikaId         px         py         pz         x          y        z  shower_id  prm_id  prm_energy  prm_theta  prm_phi
1720           5  -4.195420  13.902800   2.463290  75717.50 -297362.00 -5190.89        221      14     77.6455     87.408  105.598
1783           5   4.987590  -7.437010   1.236080  38565.20  -64497.00  1756.97        233      14    413.1930     75.045  -57.184
1785           5  -0.741289   2.092290   1.571900   1123.90  -73940.40  1770.99        235      14     12.2508     70.785   99.589
2645           5 -55.753700 -52.250700  16.540400 -10678.90  -13895.80  2175.91        405      14    149.9370     76.439 -137.824
4242           5  -5.921820  -5.478120   2.570590  -5257.04   -6873.80  2194.13        552      14    141.7160     70.432 -138.374
...          ...        ...        ...        ...       ...        ...      ...        ...     ...         ...        ...      ...
33851          5   2.739180  -0.470317   0.844702  -7842.54    2131.49  2194.82       5254      14     88.0211     74.988   -9.964
34775          5   1.465300  -2.766950   0.573789  35282.30  -59305.60  1826.41       5324      14     35.5256     73.465  -67.183
35280          5   7.195650   6.048690   2.986250 -15341.30  -10834.70  2172.33       5399      14    112.4930     74.968   39.377
35281          5  17.712200  14.466800   7.230420 -15609.40  -13128.10  2167.36       5399      14    112.4930     74.968   39.377
35283          5  -1.401450   7.786150   3.062560  -1006.59  -10402.80  2191.43       5400      14    144.6740     71.305   97.712

[144 rows x 12 columns]


Tabla para CorsikaId 6:
       CorsikaId         px         py        pz          x           y        z  shower_id  prm_id  prm_energy  prm_theta  prm_phi
857            6  -0.408013   3.150070  0.966272  25531.000 -73480.6000  1725.27        118      14    28.99480     76.218  105.809
1311           6  19.450900  22.785500  5.863440  -1047.160    -22.3671  2199.91        168      14   482.45600     77.876   49.278
1312           6   6.948100   8.517720  2.071040  -4210.230  -1388.2000  2198.46        168      14   482.45600     77.876   49.278
1946           6   0.149780   0.331578  0.255475 -59025.000 -94632.8000  1224.07        285      14     9.58365     73.955   60.801
2710           6  -2.207590   5.734050  2.592580   4090.150 -22980.0000  2157.26        425      14    53.84930     70.019  109.688
...          ...        ...        ...       ...        ...         ...      ...        ...     ...         ...        ...      ...
33810          6  -2.300960  34.260000  6.708300    538.602 -35837.3000  2099.22       5252      14   150.74100     79.873   93.925
33958          6   1.298880  -0.475892  0.732100 -15484.500   2423.3000  2180.73       5263      14    53.95410     72.555  -17.208
35196          6   2.378350  -2.551160  1.465100   1374.830   3206.0200  2199.05       5389      14   130.64900     73.175  -50.799
35282          6  -1.040500   9.846790  2.925400    375.715   -904.1390  2199.92       5400      14   144.67400     71.305   97.712
35284          6  -1.217970   6.015400  2.319680  -2352.140 -12461.6000  2187.38       5400      14   144.67400     71.305   97.712

[98 rows x 12 columns]


Tabla para CorsikaId 13:
       CorsikaId        px        py        pz          x          y          z  shower_id  prm_id  prm_energy  prm_theta  prm_phi
1862          13 -0.089083  0.112351  0.486603 -473241.00 -680743.00 -51953.900        260      14     5.58590     88.932   56.869
1892          13  0.235099 -0.012832  0.553756 -353243.00 -184749.00 -10278.900        270      14     7.50902     84.545   29.034
2053          13  0.124125  0.193984  0.900076 -124203.00 -388725.00 -10877.900        320      14     7.71904     83.659   74.173
2365          13  0.282086  0.365241  0.627765 -349234.00 -408072.00 -20472.100        360      14    10.70460     86.583   50.933
2498          13  0.074782  0.362379  0.466457  -22195.80  -92580.80   1488.900        383      14    10.95780     71.258   80.277
2697          13 -0.163154  0.051423  0.362649 -111313.00  -61416.10    931.936        421      14    15.67210     76.799   30.122
3201          13  0.110523  0.038177  0.418404   66661.20  -43846.30   1700.550        463      14     8.40223     76.665  173.812
3979          13 -0.233905 -0.028071  0.409143  -24792.10 -124835.00    929.119        508      14     5.61205     72.135   81.746
4581          13  0.256263  0.388356  0.558664   32621.70 -141776.00    539.435        660      14    14.85130     77.111  104.427
5027          13 -0.022871 -0.426064  0.173753   14555.40  -54676.90   1948.840        728      14   114.64500     73.103  117.633
7732          13  0.300011  0.053121  0.438376    3779.04 -150532.00    420.972       1241      14     8.79281     75.327   93.706
7960          13 -0.046570 -0.047353  0.362423  -47597.90 -245962.00  -2725.610       1289      14     7.88212     78.033   78.157
13530         13 -0.271903  0.309800  0.569911  -81582.20  -36994.70   1570.470       2174      14    21.06960     73.473   31.980
13909         13 -0.060205 -0.239697  0.222734   17137.40   -7379.05   2172.690       2233      14    37.80630     71.185 -164.751
18690         13  0.253121 -0.127013  0.559951 -115733.00 -188198.00  -1630.490       2979      14     7.17707     78.524   59.462
18799         13  0.203558  0.182585  0.270267   -5839.15  -97459.40   1452.140       2997      14    12.79610     72.205   87.605
19965         13  0.178114  0.382826  0.192940 -122577.00 -312548.00  -6648.330       3199      14     6.30561     81.155   68.451
20803         13  0.132852  0.212865  0.271837   24871.50  -28312.70   2088.580       3366      14    31.79210     80.872 -160.621
23258         13  0.073431  0.025645  0.354926   31176.00 -116794.00   1053.530       3723      14     5.26257     70.929  115.403
27914         13 -0.091929  0.084219  0.573971 -123152.00 -271912.00  -4793.920       4427      14     6.09440     80.678   68.275
29684         13 -0.225173 -0.175190  0.348929 -398958.00 -525955.00 -32080.300       4693      14     5.06365     86.844   53.930
31773         13 -0.392765 -0.232060  0.376138  150053.00 -264308.00  -5050.870       5067      14     5.58829     80.684  132.011


pablo@pablo:~/Desktop/mastertesis/datanly$ python3 analisis.py 
Tabla para CorsikaId 1:
       CorsikaId        px        py        pz          x         y          z  shower_id  prm_id  prm_energy  prm_theta  prm_phi
38             1 -0.000574  0.000365  0.001679  -17141.80  -16674.4   2155.140          5      14    57.72560     72.640   69.206
180            1 -0.001007  0.005749  0.005837  -45280.10 -183331.0   -598.176         63      14     9.97702     77.966   80.399
181            1 -0.009778  0.055280  0.057078  -45280.00 -183332.0   -598.204         63      14     9.97702     77.966   80.399
182            1 -0.006927  0.035608  0.038711  -45280.40 -183334.0   -598.264         63      14     9.97702     77.966   80.399
295            1 -0.000284  0.000270  0.000483    1921.84  -10935.2   2190.330         95      14    72.99960     77.158  141.865
...          ...       ...       ...       ...        ...       ...        ...        ...     ...         ...        ...      ...
35755          1  0.000016  0.000019  0.000120   24728.70 -201267.0  -1026.660       5433      14     6.23443     76.673  102.829
35756          1 -0.000004 -0.000067  0.000067   24712.40 -201277.0  -1026.910       5433      14     6.23443     76.673  102.829
35757          1 -0.000072  0.000164  0.000307   24712.80 -201263.0  -1026.470       5433      14     6.23443     76.673  102.829
35762          1  0.008726  0.009618  0.027441 -276221.00 -305282.0 -11110.700       5435      14     6.23813     83.461   49.023
35768          1  0.000636  0.006176  0.007956  -22752.10  -43850.8   2008.540       5441      14    23.15980     70.045   62.721

[316 rows x 12 columns]


Tabla para CorsikaId 2:
       CorsikaId        px        py        pz           x         y          z  shower_id  prm_id  prm_energy  prm_theta  prm_phi
183            2 -0.042903  0.213247  0.232929  -45280.500 -183334.0   -598.265         63      14     9.97702     77.966   80.399
7605           2  0.051776  1.152400  0.385564  -10312.700  -76054.6   1737.860       1079      14   107.53600     79.842   85.245
7609           2 -0.003845  0.018763  0.007166    -284.148 -408449.0 -10901.300       1080      14    44.26790     87.281   91.853
7641           2 -0.005988  0.009057  0.006588    -310.722 -408762.0 -10921.400       1080      14    44.26790     87.281   91.853
8994           2 -0.349111 -0.170021  0.068744  -18260.800  -15367.5   2155.310       1184      14    95.14080     74.377 -163.284
19946          2 -0.029167  0.108427  0.076240    7503.080  -43293.0   2048.550       2935      14    37.63090     71.951  104.053
21718          2 -0.020574  0.082477  0.092596   -4327.180 -112635.0   1203.190       3148      14     6.13822     71.621   93.320
23005          2  0.000461  0.016063  0.006920     443.246  -50948.8   1996.340       3327      14    48.09070     75.399   93.618
23015          2 -0.004365  0.061057  0.020674     439.743  -50947.0   1996.360       3327      14    48.09070     75.399   93.618
25642          2 -0.000425 -0.001250  0.000636   -8121.110  -22122.5   2156.430       3813      14    32.74120     77.411 -167.971
31598          2 -0.071678  0.095665  0.056420   13463.000  -38247.2   2071.020       4782      14    40.37010     74.042  121.154
31600          2 -0.089624  0.120660  0.070378   13461.400  -38248.9   2071.010       4782      14    40.37010     74.042  121.154
34893          2 -0.024662  0.043890  0.041961  105236.000 -240773.0  -3218.950       5341      14    12.05770     81.867  118.915
35760          2 -0.004685  0.003030  0.005404   24668.400 -201197.0  -1024.220       5433      14     6.23443     76.673  102.829


Tabla para CorsikaId 3:
       CorsikaId        px        py        pz          x           y         z  shower_id  prm_id  prm_energy  prm_theta  prm_phi
7620           3 -0.001127  0.001220  0.000269   -277.583 -408737.000 -10919.80       1080      14    44.26790     87.281   91.853
8988           3 -0.000854  0.000840  0.000692 -18290.100  -15384.800   2155.19       1184      14    95.14080     74.377 -163.284
8989           3 -0.082857 -0.043005  0.011948 -18299.100  -15389.800   2155.15       1184      14    95.14080     74.377 -163.284
9799           3 -0.005691 -0.000807  0.005054   2222.850   -4320.680   2198.15       1363      14    44.43170     72.880  177.034
11025          3  0.000245  0.000046  0.000830  55249.000  -14703.800   1943.57       1583      14    28.33100     72.593  174.144
19948          3 -0.001210  0.001481  0.003288   7729.170  -45168.200   2035.26       2935      14    37.63090     71.951  104.053
19952          3 -0.002927  0.007092  0.007706   7768.600  -45183.900   2035.10       2935      14    37.63090     71.951  104.053
19955          3  0.002971  0.004208  0.012459   7755.980  -45259.500   2034.58       2935      14    37.63090     71.951  104.053
19963          3  0.000590  0.025377  0.023259   7866.680  -44394.000   2040.53       2935      14    37.63090     71.951  104.053
23003          3 -0.000141  0.002975  0.000487    439.726  -50956.500   1996.28       3327      14    48.09070     75.399   93.618
23006          3 -0.018682  0.123007  0.053709    441.244  -50953.500   1996.31       3327      14    48.09070     75.399   93.618
28942          3  0.006999 -0.000300  0.004096 -10169.500   -3657.620   2190.84       4334      14    15.76670     71.424    1.330
30882          3  0.055255  0.060809  0.015128  -1901.070    -222.365   2199.71       4681      14    80.84500     71.876   33.224
30889          3  0.006191  0.008714  0.006625  -1926.800    -240.748   2199.70       4681      14    80.84500     71.876   33.224
31597          3 -0.046733  0.067075  0.038689  13463.000  -38247.100   2071.02       4782      14    40.37010     74.042  121.154
31604          3 -0.097490  0.140785  0.084954  13462.200  -38249.100   2071.01       4782      14    40.37010     74.042  121.154
35758          3  0.000427  0.008053  0.002410  24669.900 -201186.000  -1023.88       5433      14     6.23443     76.673  102.829
35759          3 -0.002227  0.001765  0.003193  24668.500 -201197.000  -1024.22       5433      14     6.23443     76.673  102.829


Tabla para CorsikaId 5:
       CorsikaId         px         py        pz          x          y        z  shower_id  prm_id  prm_energy  prm_theta  prm_phi
479            5   0.514828   1.231220  0.513513  -23376.80  -48519.60  1972.44        107      14     88.6987     78.345   67.880
547            5 -10.052300 -11.777400  0.763377  -65380.90  -84071.10  1310.11        116      14    194.6110     82.439 -132.486
675            5  -3.894190   5.816530  3.070940    7540.69  -24577.10  2148.15        135      14     54.9686     71.553  119.546
1193           5  -8.179220 -21.474800  6.116620   -4145.86  -17184.00  2175.49        214      14    107.7160     72.201 -112.240
3002           5  -0.493410   2.143740  1.174260    5060.09  -34462.00  2104.82        441      14     36.6778     70.993  101.658
...          ...        ...        ...       ...        ...        ...      ...        ...     ...         ...        ...      ...
33260          5  -0.699943   0.372653  0.311250  174071.00 -219259.00 -3951.49       5097      14     23.4080     84.477  134.925
33573          5  -3.810980   4.246980  1.930070  144291.00 -258917.00 -4696.13       5153      14     22.9816     84.566  123.793
33646          5  -1.604730   1.501800  0.948105   24122.50  -27744.00  2093.96       5163      14    115.3390     76.182  135.373
34184          5   1.160060  -7.831750  1.065440    7468.75  -33965.40  2105.12       5255      14    236.1560     79.342  -82.552
34689          5  -0.646759  -0.719902  0.356268   24977.90    3028.04  2150.34       5317      14    125.5310     78.029 -147.079

[96 rows x 12 columns]


Tabla para CorsikaId 6:
       CorsikaId         px         py         pz           x            y         z  shower_id  prm_id  prm_energy  prm_theta  prm_phi
64             6  -2.620380  -1.050950   0.560225 -41108.1000  -27964.9000  2006.080         11      14     29.6128     75.998 -154.661
548            6  -1.478770  -1.551790   0.436620 -13102.8000  -18347.7000  2160.120        116      14    194.6110     82.439 -132.486
2811           6  22.087300  15.327800   5.591800   1483.3500     283.5840  2199.820        391      14    277.2800     77.364   35.102
2885           6   0.208262  -8.005760   2.789280   1583.1600   -3479.1200  2198.850        413      14    146.0290     74.384  -89.202
2960           6   0.056470   5.082440   1.509250 -26831.5000 -123230.0000   952.093        435      14     24.4921     79.209   82.904
3092           6  -3.466250  12.251700   2.069310   1188.4700     507.9080  2199.870        457      14    340.9200     78.213  107.502
3900           6   0.153256   0.640753   0.270857  -4171.2400  -93727.1000  1509.440        613      14     25.7114     76.550   88.421
5269           6 -36.031300  11.695300   8.094730   9678.5000   -9682.1300  2185.300        728      14     87.3285     78.138  161.274
5328           6  -0.844593  -4.189950   2.077390    428.0510  -26217.0000  2146.060        736      14     29.7035     71.779 -100.704
5724           6   5.053850  -0.716646   1.484860  -8345.4800     -87.2312  2194.540        813      14    451.9600     76.313   -8.311
6117           6   4.778390   4.877170   2.492920 -28159.6000  -20330.6000  2105.370        867      14     40.1981     73.743   41.373
6238           6   6.203040  -1.528170   2.394960   1019.1500    -194.2790  2199.920        898      14    144.5660     70.565  -15.069
7525           6 -16.410900  19.853600   6.878840  -3967.7700    5245.7800  2196.610       1056      14    781.6630     72.899  130.043
7526           6 -13.022100  15.672500   6.109520   2127.3200   -2138.3200  2199.290       1056      14    781.6630     72.899  130.043
7527           6 -43.905000  52.954600  21.324400   1807.5900   -2010.8600  2199.430       1056      14    781.6630     72.899  130.043
8615           6 -16.513500  15.415600   3.648550   3497.8900   -3569.2200  2198.040       1137      14    273.1400     79.786  138.280
8956           6  -7.709440  -2.471360   2.515840   4255.3600   -9158.0200  2192.000       1175      14     50.9290     76.121 -164.139
8982           6  -5.309100  -1.344340   2.040840   3352.7600   -2173.8900  2198.750       1184      14     95.1408     74.377 -163.284
9357           6  -8.922230  -8.152210   4.388440  -3998.6500   -7499.0800  2194.330       1274      14     75.5790     71.255 -137.068
9837           6  -0.150335   1.572810   0.726968 -10936.5000 -117476.0000  1107.860       1373      14     12.3527     75.201   89.478
13064          6 -27.681500  33.529700   7.780330   4402.8000   -4341.2800  2197.000       1973      14    508.1490     79.631  130.449
14833          6  15.398800  -9.265660   5.162550   1502.0900    -662.3950  2199.790       2274      14     89.0889     75.632  -30.823
15095          6  19.469300  43.716000  14.346500  -1724.6400   -2919.8000  2199.100       2318      14    342.3400     73.224   65.931
15097          6   6.343990  13.539900   4.060600    948.7800     374.4330  2199.920       2318      14    342.3400     73.224   65.931
15235          6  12.668800   3.538390   2.488710 -10849.4000   -2038.1800  2190.440       2349      14    113.1850     78.216   15.322
19134          6   1.196540  12.092800   4.259860  -2329.4000  -11746.9000  2188.750       2894      14     83.2680     70.658   84.248
23235          6  -0.184168  -2.405040   0.678760   -353.6800   15397.3000  2181.390       3342      14    179.2380     81.850  -90.182
23546          6   6.016940  10.889000   4.299870  -4897.1500   -5672.3000  2195.590       3390      14    117.2910     70.721   59.841
23613          6  -0.429057  -1.065950   0.739173   5978.2800   28554.0000  2133.230       3405      14    262.0650     74.379 -106.292
23711          6  -8.117820 -16.057500   2.075890 -57879.9000 -137407.0000   455.755       3432      14    104.9600     83.801 -116.042
23944          6  -6.888240   0.102294   2.296830  14048.2000   -6761.1400  2180.930       3471      14     83.0241     76.486  177.079
25244          6  30.020500   1.711710   2.535770   6495.2100     109.0120  2196.690       3717      14   1110.8300     84.938    4.031
25612          6  -2.292990  -4.474100   1.546160   2858.1800    6395.0900  2196.150       3799      14    180.4730     75.774 -114.473
26564          6  -1.831750   2.289940   1.121300  29860.4000  -52239.1000  1915.960       3960      14     21.4377     74.403  128.697
28699          6  -5.913720  -7.529470   4.087550   6233.3200   10415.5000  2188.440       4320      14    184.9190     70.414 -126.454
29387          6 -14.211300  -3.471790   4.877370  -3664.4800   -1607.7100  2198.740       4402      14    240.5340     70.595 -165.412
29388          6  -1.269470  -0.332259   0.385233  -8642.3500   -1080.8000  2194.050       4402      14    240.5340     70.595 -165.412
29533          6  -1.287070  -6.801580   2.391820   -314.4210   -7917.3700  2195.070       4423      14    185.3840     71.639 -100.277
29534          6  -0.374971  -1.796580   0.747208   -256.8940   -1661.2600  2199.780       4423      14    185.3840     71.639 -100.277
29837          6  18.886200  -2.635940   3.138210   7196.5600    -212.8650  2195.930       4464      14    152.4740     80.206   -7.633
31786          6   0.236325   0.414800   0.518454 -21453.2000  -72245.4000  1754.420       4806      14     12.7700     70.757   77.111
32484          6  -2.345140  11.645800   3.810330   1102.7000   -7618.0500  2195.350       4931      14    269.2930     72.653  101.948
33156          6 -40.936300   9.100420  10.810200     47.1314    -125.5010  2200.000       5065      14    717.1900     75.432  167.657
33157          6 -21.476200   5.017590   5.660050   -327.2000    -377.5950  2199.980       5065      14    717.1900     75.432  167.657
33189          6  -7.694150  -5.520360   3.183270  -6342.2600   -6321.4600  2193.710       5072      14    181.1350     70.005 -144.705
33190          6 -13.055400  -9.179000   6.020680   -907.3150   -2345.9400  2199.500       5072      14    181.1350     70.005 -144.705
34183          6   1.525250 -12.654300   2.577660   3185.5300  -21344.4000  2163.460       5255      14    236.1560     79.342  -82.552
34248          6   1.135480   3.391770   1.493030 -50494.8000 -105236.0000  1131.080       5266      14     18.8905     77.501   67.894
34550          6   5.995220  -2.825810   1.175960  -2181.5800    4197.0800  2198.240       5282      14    147.5550     83.226  -25.266
34582          6   2.656850   3.150620   0.915918 -49105.7000  -55532.0000  1768.890       5296      14     36.1328     78.728   50.875
35763          6  -7.533110   9.958670   4.028720   4144.2400  -17158.7000  2175.560       5436      14     63.9486     72.586  123.391


Tabla para CorsikaId 13:
       CorsikaId        px        py        pz          x          y          z  shower_id  prm_id  prm_energy  prm_theta  prm_phi
61            13 -0.106276 -0.003750  0.394786  -73895.10 -251638.00  -3198.220          9      14     5.30995     78.846   77.450
3409          13 -0.425136  0.010965  0.351676   70388.40  -51082.70   1606.580        526      14    10.40550     76.364  165.860
5095          13 -0.268688 -0.050452  0.451522  -55816.00 -130799.00    613.250        684      14     9.24810     75.392   71.077
6598          13 -0.391373  0.047416  0.477959    1523.67 -114269.00   1175.390        950      14    21.97350     73.862   97.582
9050          13 -0.427513  1.693510  1.481940   34430.60 -126775.00    846.022       1209      14     5.26329     71.436  111.020
9507          13  0.180443  0.281169  0.200888  -60539.60 -543962.00 -21343.900       1296      14     9.45892     86.434   85.214
9508          13 -0.132197  0.410183  0.198574  -61332.80 -543777.00 -21335.600       1296      14     9.45892     86.434   85.214
9764          13 -0.030198  0.084459  0.684482 -440538.00 -634801.00 -44811.400       1351      14     5.05096     88.104   56.865
13480         13 -0.012294  0.202882  0.683260   -5454.46   75060.70   1755.660       2048      14    18.89040     70.356  -88.735
13688         13  0.369288 -0.071092  0.359584  -35359.50 -476663.00 -15747.700       2093      14     8.34414     84.696   85.996
13917         13  0.078287  0.188561  0.318692  323278.00 -405492.00 -18932.700       2148      14     6.79352     85.922  132.710
14754         13  0.010496 -0.054881  0.383487  -13162.90 -132936.00    799.888       2247      14     6.12871     71.892   89.286
14996         13 -0.203270 -0.018088  0.373044  -70937.10 -382329.00  -9673.260       2294      14     9.08983     83.647   81.850
15096         13 -0.268826 -0.175095  0.288045   -3710.42   -4349.12   2197.440       2318      14   342.34000     73.224   65.931
24423         13 -0.068438 -0.304716  0.408579  -44343.40  -95221.80   1334.370       3556      14    21.14770     76.124   68.434
27289         13 -0.172765  0.035284  0.376955  -66652.40 -175057.00   -553.191       4096      14     5.85925     75.704   72.272
28423         13  0.282164  0.229009  0.378952  -82286.00 -220719.00  -2154.480       4267      14     5.79884     78.297   70.416
28503         13 -0.271111 -0.332839  0.101757  -53835.20  -50533.60   1772.290       4281      14    14.68660     72.142   47.311
28504         13  0.167781 -0.233742  0.369291  -52823.70  -49297.20   1790.440       4281      14    14.68660     72.142   47.311
28505         13  0.788474  0.929013  0.672156  -52715.60  -49045.30   1793.280       4281      14    14.68660     72.142   47.311
30553         13 -0.069390 -0.244228  0.351848   38850.90 -139256.00    560.063       4613      14     9.32992     75.525  108.612
31084         13  0.032708  0.133312  0.302435   57318.70 -410269.00 -11276.700       4698      14     9.32233     83.852   99.832
31357         13 -0.088602 -0.224394  0.390300 -131876.00 -157386.00  -1108.420       4737      14    11.89410     78.516   52.372
31358         13  0.219381  0.184652  0.172182 -131830.00 -157336.00  -1106.240       4737      14    11.89410     78.516   52.372
34551         13 -0.470770 -0.192666  0.211545   62259.70 -119402.00    777.303       5283      14    21.64520     77.887  123.891
34585         13 -0.009168  0.329075  0.393068   33114.90 -140469.00    565.831       5298      14    17.57310     77.727  108.503
35795         13 -0.389304 -0.225221  0.393395 -314099.00 -474623.00 -23262.700       5453      14     5.20767     85.763   57.362


pablo@pablo:~/Desktop/mastertesis/datanly$ python3 analisis.py 
Tabla para CorsikaId 1:
       CorsikaId        px        py        pz          x         y          z  shower_id  prm_id  prm_energy  prm_theta  prm_phi
38             1 -0.000574  0.000365  0.001679  -17141.80  -16674.4   2155.140          5      14    57.72560     72.640   69.206
180            1 -0.001007  0.005749  0.005837  -45280.10 -183331.0   -598.176         63      14     9.97702     77.966   80.399
181            1 -0.009778  0.055280  0.057078  -45280.00 -183332.0   -598.204         63      14     9.97702     77.966   80.399
182            1 -0.006927  0.035608  0.038711  -45280.40 -183334.0   -598.264         63      14     9.97702     77.966   80.399
295            1 -0.000284  0.000270  0.000483    1921.84  -10935.2   2190.330         95      14    72.99960     77.158  141.865
...          ...       ...       ...       ...        ...       ...        ...        ...     ...         ...        ...      ...
35755          1  0.000016  0.000019  0.000120   24728.70 -201267.0  -1026.660       5433      14     6.23443     76.673  102.829
35756          1 -0.000004 -0.000067  0.000067   24712.40 -201277.0  -1026.910       5433      14     6.23443     76.673  102.829
35757          1 -0.000072  0.000164  0.000307   24712.80 -201263.0  -1026.470       5433      14     6.23443     76.673  102.829
35762          1  0.008726  0.009618  0.027441 -276221.00 -305282.0 -11110.700       5435      14     6.23813     83.461   49.023
35768          1  0.000636  0.006176  0.007956  -22752.10  -43850.8   2008.540       5441      14    23.15980     70.045   62.721

[316 rows x 12 columns]


Tabla para CorsikaId 2:
       CorsikaId        px        py        pz           x         y          z  shower_id  prm_id  prm_energy  prm_theta  prm_phi
183            2 -0.042903  0.213247  0.232929  -45280.500 -183334.0   -598.265         63      14     9.97702     77.966   80.399
7605           2  0.051776  1.152400  0.385564  -10312.700  -76054.6   1737.860       1079      14   107.53600     79.842   85.245
7609           2 -0.003845  0.018763  0.007166    -284.148 -408449.0 -10901.300       1080      14    44.26790     87.281   91.853
7641           2 -0.005988  0.009057  0.006588    -310.722 -408762.0 -10921.400       1080      14    44.26790     87.281   91.853
8994           2 -0.349111 -0.170021  0.068744  -18260.800  -15367.5   2155.310       1184      14    95.14080     74.377 -163.284
19946          2 -0.029167  0.108427  0.076240    7503.080  -43293.0   2048.550       2935      14    37.63090     71.951  104.053
21718          2 -0.020574  0.082477  0.092596   -4327.180 -112635.0   1203.190       3148      14     6.13822     71.621   93.320
23005          2  0.000461  0.016063  0.006920     443.246  -50948.8   1996.340       3327      14    48.09070     75.399   93.618
23015          2 -0.004365  0.061057  0.020674     439.743  -50947.0   1996.360       3327      14    48.09070     75.399   93.618
25642          2 -0.000425 -0.001250  0.000636   -8121.110  -22122.5   2156.430       3813      14    32.74120     77.411 -167.971
31598          2 -0.071678  0.095665  0.056420   13463.000  -38247.2   2071.020       4782      14    40.37010     74.042  121.154
31600          2 -0.089624  0.120660  0.070378   13461.400  -38248.9   2071.010       4782      14    40.37010     74.042  121.154
34893          2 -0.024662  0.043890  0.041961  105236.000 -240773.0  -3218.950       5341      14    12.05770     81.867  118.915
35760          2 -0.004685  0.003030  0.005404   24668.400 -201197.0  -1024.220       5433      14     6.23443     76.673  102.829


Tabla para CorsikaId 3:
       CorsikaId        px        py        pz          x           y         z  shower_id  prm_id  prm_energy  prm_theta  prm_phi
7620           3 -0.001127  0.001220  0.000269   -277.583 -408737.000 -10919.80       1080      14    44.26790     87.281   91.853
8988           3 -0.000854  0.000840  0.000692 -18290.100  -15384.800   2155.19       1184      14    95.14080     74.377 -163.284
8989           3 -0.082857 -0.043005  0.011948 -18299.100  -15389.800   2155.15       1184      14    95.14080     74.377 -163.284
9799           3 -0.005691 -0.000807  0.005054   2222.850   -4320.680   2198.15       1363      14    44.43170     72.880  177.034
11025          3  0.000245  0.000046  0.000830  55249.000  -14703.800   1943.57       1583      14    28.33100     72.593  174.144
19948          3 -0.001210  0.001481  0.003288   7729.170  -45168.200   2035.26       2935      14    37.63090     71.951  104.053
19952          3 -0.002927  0.007092  0.007706   7768.600  -45183.900   2035.10       2935      14    37.63090     71.951  104.053
19955          3  0.002971  0.004208  0.012459   7755.980  -45259.500   2034.58       2935      14    37.63090     71.951  104.053
19963          3  0.000590  0.025377  0.023259   7866.680  -44394.000   2040.53       2935      14    37.63090     71.951  104.053
23003          3 -0.000141  0.002975  0.000487    439.726  -50956.500   1996.28       3327      14    48.09070     75.399   93.618
23006          3 -0.018682  0.123007  0.053709    441.244  -50953.500   1996.31       3327      14    48.09070     75.399   93.618
28942          3  0.006999 -0.000300  0.004096 -10169.500   -3657.620   2190.84       4334      14    15.76670     71.424    1.330
30882          3  0.055255  0.060809  0.015128  -1901.070    -222.365   2199.71       4681      14    80.84500     71.876   33.224
30889          3  0.006191  0.008714  0.006625  -1926.800    -240.748   2199.70       4681      14    80.84500     71.876   33.224
31597          3 -0.046733  0.067075  0.038689  13463.000  -38247.100   2071.02       4782      14    40.37010     74.042  121.154
31604          3 -0.097490  0.140785  0.084954  13462.200  -38249.100   2071.01       4782      14    40.37010     74.042  121.154
35758          3  0.000427  0.008053  0.002410  24669.900 -201186.000  -1023.88       5433      14     6.23443     76.673  102.829
35759          3 -0.002227  0.001765  0.003193  24668.500 -201197.000  -1024.22       5433      14     6.23443     76.673  102.829


Tabla para CorsikaId 5:
       CorsikaId         px         py        pz          x          y        z  shower_id  prm_id  prm_energy  prm_theta  prm_phi
479            5   0.514828   1.231220  0.513513  -23376.80  -48519.60  1972.44        107      14     88.6987     78.345   67.880
547            5 -10.052300 -11.777400  0.763377  -65380.90  -84071.10  1310.11        116      14    194.6110     82.439 -132.486
675            5  -3.894190   5.816530  3.070940    7540.69  -24577.10  2148.15        135      14     54.9686     71.553  119.546
1193           5  -8.179220 -21.474800  6.116620   -4145.86  -17184.00  2175.49        214      14    107.7160     72.201 -112.240
3002           5  -0.493410   2.143740  1.174260    5060.09  -34462.00  2104.82        441      14     36.6778     70.993  101.658
...          ...        ...        ...       ...        ...        ...      ...        ...     ...         ...        ...      ...
33260          5  -0.699943   0.372653  0.311250  174071.00 -219259.00 -3951.49       5097      14     23.4080     84.477  134.925
33573          5  -3.810980   4.246980  1.930070  144291.00 -258917.00 -4696.13       5153      14     22.9816     84.566  123.793
33646          5  -1.604730   1.501800  0.948105   24122.50  -27744.00  2093.96       5163      14    115.3390     76.182  135.373
34184          5   1.160060  -7.831750  1.065440    7468.75  -33965.40  2105.12       5255      14    236.1560     79.342  -82.552
34689          5  -0.646759  -0.719902  0.356268   24977.90    3028.04  2150.34       5317      14    125.5310     78.029 -147.079

[96 rows x 12 columns]


Tabla para CorsikaId 6:
       CorsikaId         px         py         pz           x            y         z  shower_id  prm_id  prm_energy  prm_theta  prm_phi
64             6  -2.620380  -1.050950   0.560225 -41108.1000  -27964.9000  2006.080         11      14     29.6128     75.998 -154.661
548            6  -1.478770  -1.551790   0.436620 -13102.8000  -18347.7000  2160.120        116      14    194.6110     82.439 -132.486
2811           6  22.087300  15.327800   5.591800   1483.3500     283.5840  2199.820        391      14    277.2800     77.364   35.102
2885           6   0.208262  -8.005760   2.789280   1583.1600   -3479.1200  2198.850        413      14    146.0290     74.384  -89.202
2960           6   0.056470   5.082440   1.509250 -26831.5000 -123230.0000   952.093        435      14     24.4921     79.209   82.904
3092           6  -3.466250  12.251700   2.069310   1188.4700     507.9080  2199.870        457      14    340.9200     78.213  107.502
3900           6   0.153256   0.640753   0.270857  -4171.2400  -93727.1000  1509.440        613      14     25.7114     76.550   88.421
5269           6 -36.031300  11.695300   8.094730   9678.5000   -9682.1300  2185.300        728      14     87.3285     78.138  161.274
5328           6  -0.844593  -4.189950   2.077390    428.0510  -26217.0000  2146.060        736      14     29.7035     71.779 -100.704
5724           6   5.053850  -0.716646   1.484860  -8345.4800     -87.2312  2194.540        813      14    451.9600     76.313   -8.311
6117           6   4.778390   4.877170   2.492920 -28159.6000  -20330.6000  2105.370        867      14     40.1981     73.743   41.373
6238           6   6.203040  -1.528170   2.394960   1019.1500    -194.2790  2199.920        898      14    144.5660     70.565  -15.069
7525           6 -16.410900  19.853600   6.878840  -3967.7700    5245.7800  2196.610       1056      14    781.6630     72.899  130.043
7526           6 -13.022100  15.672500   6.109520   2127.3200   -2138.3200  2199.290       1056      14    781.6630     72.899  130.043
7527           6 -43.905000  52.954600  21.324400   1807.5900   -2010.8600  2199.430       1056      14    781.6630     72.899  130.043
8615           6 -16.513500  15.415600   3.648550   3497.8900   -3569.2200  2198.040       1137      14    273.1400     79.786  138.280
8956           6  -7.709440  -2.471360   2.515840   4255.3600   -9158.0200  2192.000       1175      14     50.9290     76.121 -164.139
8982           6  -5.309100  -1.344340   2.040840   3352.7600   -2173.8900  2198.750       1184      14     95.1408     74.377 -163.284
9357           6  -8.922230  -8.152210   4.388440  -3998.6500   -7499.0800  2194.330       1274      14     75.5790     71.255 -137.068
9837           6  -0.150335   1.572810   0.726968 -10936.5000 -117476.0000  1107.860       1373      14     12.3527     75.201   89.478
13064          6 -27.681500  33.529700   7.780330   4402.8000   -4341.2800  2197.000       1973      14    508.1490     79.631  130.449
14833          6  15.398800  -9.265660   5.162550   1502.0900    -662.3950  2199.790       2274      14     89.0889     75.632  -30.823
15095          6  19.469300  43.716000  14.346500  -1724.6400   -2919.8000  2199.100       2318      14    342.3400     73.224   65.931
15097          6   6.343990  13.539900   4.060600    948.7800     374.4330  2199.920       2318      14    342.3400     73.224   65.931
15235          6  12.668800   3.538390   2.488710 -10849.4000   -2038.1800  2190.440       2349      14    113.1850     78.216   15.322
19134          6   1.196540  12.092800   4.259860  -2329.4000  -11746.9000  2188.750       2894      14     83.2680     70.658   84.248
23235          6  -0.184168  -2.405040   0.678760   -353.6800   15397.3000  2181.390       3342      14    179.2380     81.850  -90.182
23546          6   6.016940  10.889000   4.299870  -4897.1500   -5672.3000  2195.590       3390      14    117.2910     70.721   59.841
23613          6  -0.429057  -1.065950   0.739173   5978.2800   28554.0000  2133.230       3405      14    262.0650     74.379 -106.292
23711          6  -8.117820 -16.057500   2.075890 -57879.9000 -137407.0000   455.755       3432      14    104.9600     83.801 -116.042
23944          6  -6.888240   0.102294   2.296830  14048.2000   -6761.1400  2180.930       3471      14     83.0241     76.486  177.079
25244          6  30.020500   1.711710   2.535770   6495.2100     109.0120  2196.690       3717      14   1110.8300     84.938    4.031
25612          6  -2.292990  -4.474100   1.546160   2858.1800    6395.0900  2196.150       3799      14    180.4730     75.774 -114.473
26564          6  -1.831750   2.289940   1.121300  29860.4000  -52239.1000  1915.960       3960      14     21.4377     74.403  128.697
28699          6  -5.913720  -7.529470   4.087550   6233.3200   10415.5000  2188.440       4320      14    184.9190     70.414 -126.454
29387          6 -14.211300  -3.471790   4.877370  -3664.4800   -1607.7100  2198.740       4402      14    240.5340     70.595 -165.412
29388          6  -1.269470  -0.332259   0.385233  -8642.3500   -1080.8000  2194.050       4402      14    240.5340     70.595 -165.412
29533          6  -1.287070  -6.801580   2.391820   -314.4210   -7917.3700  2195.070       4423      14    185.3840     71.639 -100.277
29534          6  -0.374971  -1.796580   0.747208   -256.8940   -1661.2600  2199.780       4423      14    185.3840     71.639 -100.277
29837          6  18.886200  -2.635940   3.138210   7196.5600    -212.8650  2195.930       4464      14    152.4740     80.206   -7.633
31786          6   0.236325   0.414800   0.518454 -21453.2000  -72245.4000  1754.420       4806      14     12.7700     70.757   77.111
32484          6  -2.345140  11.645800   3.810330   1102.7000   -7618.0500  2195.350       4931      14    269.2930     72.653  101.948
33156          6 -40.936300   9.100420  10.810200     47.1314    -125.5010  2200.000       5065      14    717.1900     75.432  167.657
33157          6 -21.476200   5.017590   5.660050   -327.2000    -377.5950  2199.980       5065      14    717.1900     75.432  167.657
33189          6  -7.694150  -5.520360   3.183270  -6342.2600   -6321.4600  2193.710       5072      14    181.1350     70.005 -144.705
33190          6 -13.055400  -9.179000   6.020680   -907.3150   -2345.9400  2199.500       5072      14    181.1350     70.005 -144.705
34183          6   1.525250 -12.654300   2.577660   3185.5300  -21344.4000  2163.460       5255      14    236.1560     79.342  -82.552
34248          6   1.135480   3.391770   1.493030 -50494.8000 -105236.0000  1131.080       5266      14     18.8905     77.501   67.894
34550          6   5.995220  -2.825810   1.175960  -2181.5800    4197.0800  2198.240       5282      14    147.5550     83.226  -25.266
34582          6   2.656850   3.150620   0.915918 -49105.7000  -55532.0000  1768.890       5296      14     36.1328     78.728   50.875
35763          6  -7.533110   9.958670   4.028720   4144.2400  -17158.7000  2175.560       5436      14     63.9486     72.586  123.391


Tabla para CorsikaId 13:
       CorsikaId        px        py        pz          x          y          z  shower_id  prm_id  prm_energy  prm_theta  prm_phi
61            13 -0.106276 -0.003750  0.394786  -73895.10 -251638.00  -3198.220          9      14     5.30995     78.846   77.450
3409          13 -0.425136  0.010965  0.351676   70388.40  -51082.70   1606.580        526      14    10.40550     76.364  165.860
5095          13 -0.268688 -0.050452  0.451522  -55816.00 -130799.00    613.250        684      14     9.24810     75.392   71.077
6598          13 -0.391373  0.047416  0.477959    1523.67 -114269.00   1175.390        950      14    21.97350     73.862   97.582
9050          13 -0.427513  1.693510  1.481940   34430.60 -126775.00    846.022       1209      14     5.26329     71.436  111.020
9507          13  0.180443  0.281169  0.200888  -60539.60 -543962.00 -21343.900       1296      14     9.45892     86.434   85.214
9508          13 -0.132197  0.410183  0.198574  -61332.80 -543777.00 -21335.600       1296      14     9.45892     86.434   85.214
9764          13 -0.030198  0.084459  0.684482 -440538.00 -634801.00 -44811.400       1351      14     5.05096     88.104   56.865
13480         13 -0.012294  0.202882  0.683260   -5454.46   75060.70   1755.660       2048      14    18.89040     70.356  -88.735
13688         13  0.369288 -0.071092  0.359584  -35359.50 -476663.00 -15747.700       2093      14     8.34414     84.696   85.996
13917         13  0.078287  0.188561  0.318692  323278.00 -405492.00 -18932.700       2148      14     6.79352     85.922  132.710
14754         13  0.010496 -0.054881  0.383487  -13162.90 -132936.00    799.888       2247      14     6.12871     71.892   89.286
14996         13 -0.203270 -0.018088  0.373044  -70937.10 -382329.00  -9673.260       2294      14     9.08983     83.647   81.850
15096         13 -0.268826 -0.175095  0.288045   -3710.42   -4349.12   2197.440       2318      14   342.34000     73.224   65.931
24423         13 -0.068438 -0.304716  0.408579  -44343.40  -95221.80   1334.370       3556      14    21.14770     76.124   68.434
27289         13 -0.172765  0.035284  0.376955  -66652.40 -175057.00   -553.191       4096      14     5.85925     75.704   72.272
28423         13  0.282164  0.229009  0.378952  -82286.00 -220719.00  -2154.480       4267      14     5.79884     78.297   70.416
28503         13 -0.271111 -0.332839  0.101757  -53835.20  -50533.60   1772.290       4281      14    14.68660     72.142   47.311
28504         13  0.167781 -0.233742  0.369291  -52823.70  -49297.20   1790.440       4281      14    14.68660     72.142   47.311
28505         13  0.788474  0.929013  0.672156  -52715.60  -49045.30   1793.280       4281      14    14.68660     72.142   47.311
30553         13 -0.069390 -0.244228  0.351848   38850.90 -139256.00    560.063       4613      14     9.32992     75.525  108.612
31084         13  0.032708  0.133312  0.302435   57318.70 -410269.00 -11276.700       4698      14     9.32233     83.852   99.832
31357         13 -0.088602 -0.224394  0.390300 -131876.00 -157386.00  -1108.420       4737      14    11.89410     78.516   52.372
31358         13  0.219381  0.184652  0.172182 -131830.00 -157336.00  -1106.240       4737      14    11.89410     78.516   52.372
34551         13 -0.470770 -0.192666  0.211545   62259.70 -119402.00    777.303       5283      14    21.64520     77.887  123.891
34585         13 -0.009168  0.329075  0.393068   33114.90 -140469.00    565.831       5298      14    17.57310     77.727  108.503
35795         13 -0.389304 -0.225221  0.393395 -314099.00 -474623.00 -23262.700       5453      14     5.20767     85.763   57.362

