Tabla para CorsikaId 2:
     CorsikaId        px        py        pz         x         y        z  shower_id  prm_id  prm_energy  prm_theta  prm_phi
21           2  0.054160 -0.111303  0.046248  6736.600  -6487.01  2193.14          2    1206     1051.43     75.681  -56.477
99           2 -0.014714  0.006503  0.006138 -3943.740   7519.10  2194.34          7    1608     2809.80     72.953  134.006
104          2 -0.002992  0.002915  0.002014 -3910.450   7534.48  2194.35          7    1608     2809.80     72.953  134.006
223          2 -0.087570 -0.087398  0.033540 -5609.510  -7366.91  2193.27         16    2412     2181.73     73.780 -138.683
246          2 -0.339691 -0.297648  0.129562 -5617.130  -7366.00  2193.27         16    2412     2181.73     73.780 -138.683
326          2 -0.027464 -0.024964  0.011751  -413.383  -1588.44  2199.79         16    2412     2181.73     73.780 -138.683
352          2  0.113813  0.770478  0.289564 -1042.990 -15942.70  2179.98         17    2412     2767.42     72.340   84.605

