Tabla para CorsikaId 5:
      CorsikaId         px         py          pz            x            y        z  shower_id  prm_id  prm_energy  prm_theta  prm_phi
8             5   3.170720  -1.237270    2.843680    551.17000  -2434.45000  2199.51          2     703    214.0730     48.577  -14.098
9             5  -0.099832   0.025381    0.072959   2095.81000  -2067.33000  2199.32          3     703    180.0230     51.574  173.528
45            5  -2.785380   0.230824    6.253370    490.31800  -1183.75000  2199.87          5     703    227.9390     26.090  169.614
68            5  -3.722010   0.305931    7.713190     63.87480  -1374.43000  2199.85          5     703    227.9390     26.090  169.614
98            5  -1.115780  -1.346190    1.845890  -2594.68000  -2507.63000  2198.98          7     703    244.4650     33.548 -123.487
99            5  -1.931290  -3.207260    4.803200  -1381.22000  -3239.92000  2199.03          7     703    244.4650     33.548 -123.487
101           5  -1.022110  -1.724790    3.129340    593.29300    230.57300  2199.97          7     703    244.4650     33.548 -123.487
115           5   0.119674   0.697883    0.501181  -4792.38000 -15561.10000  2179.20          9     703    110.3810     62.319   76.932
116           5   0.129568   0.563678    0.373368  -3882.17000 -12118.90000  2187.30          9     703    110.3810     62.319   76.932
124           5  -1.303070  -0.663365    0.953693  -2379.95000  -4450.93000  2198.00         16     703    142.6930     46.495 -159.778
134           5  -0.161206  -0.257065    0.249221   3575.16000  -2085.45000  2198.66         17     703    182.9650     53.670 -125.088
143           5  -0.502570   0.284573    1.633950  -1738.73000  -1856.62000  2199.49         22    1206    194.9910     19.654  129.310
167           5   0.307027   0.572782    0.465070  -1957.57000  -1693.31000  2199.47         30    1206    332.1460     50.570   67.962
178           5   0.052424   0.300722    0.418122  -4861.93000  -8294.58000  2192.75         30    1206    332.1460     50.570   67.962
193           5  -1.057070   0.035553    1.452370  -2636.08000  -4802.49000  2197.65         37    1206     90.0717     26.546  165.913
230           5   0.102658  -0.125068    0.734497   2624.66000  -2361.00000  2199.02         44    1206    243.1040      5.162 -124.563
237           5  -0.191096  -0.426835    1.213170   -629.88500  -2598.90000  2199.44         44    1206    243.1040      5.162 -124.563
257           5  -0.171213  -0.002840    0.740714  -1763.39000   -478.39400  2199.74         44    1206    243.1040      5.162 -124.563
287           5   0.161777   0.234698    0.408752     75.35340  -1174.11000  2199.89         44    1206    243.1040      5.162 -124.563
311           5  -0.343464   0.165986    1.280500   -311.28800  -1446.53000  2199.83         44    1206    243.1040      5.162 -124.563
332           5   0.009741   0.007598    0.090589   -129.20400  -1372.53000  2199.85         44    1206    243.1040      5.162 -124.563
368           5   0.056393  -0.072198    0.375310   1151.06000  -4162.26000  2198.54         47    1206    119.2090     35.372 -136.987
446           5   0.388384  -0.051418    1.260790   1270.86000  -3280.69000  2199.03         56    1206    159.0760     10.122   52.329
451           5   0.021772   0.179899    0.200121  -3160.08000  -9875.96000  2191.57         57    1206    211.2640     56.493   88.737
464           5  -0.290675  -0.289920    0.248040   -161.18700  -4487.06000  2198.42         59    1206    414.6070     52.458 -148.318
471           5  -5.155830  -3.997470    4.581830   -654.05000  -3994.65000  2198.71         59    1206    414.6070     52.458 -148.318
492           5   0.555721   0.210799    1.188400  -1390.79000  -4140.33000  2198.50         60    1206    259.4520     35.023   40.725
513           5  -2.535210   1.686850    5.010400   -740.99000  -1122.05000  2199.86         64    1206    429.5540     30.718  141.373
515           5  -0.873191   0.599073    1.942110    814.70000  -1616.76000  2199.74         64    1206    429.5540     30.718  141.373
535           5  -1.428140   0.840923    2.947160   -364.60400  -1346.78000  2199.85         64    1206    429.5540     30.718  141.373
548           5  -0.323635   0.213947    0.958894   2247.41000  -2186.91000  2199.23         64    1206    429.5540     30.718  141.373
574           5  -0.385922   1.756960    2.334000   -190.78200 -12724.00000  2187.30         67    1206    220.6470     51.845   97.400
581           5  -0.692629   0.401446    1.838160   1098.99000  -3055.11000  2199.17         72    1206    197.5150     27.878  141.033
618           5   0.415000   0.263613    0.620183   -422.29600  -1382.19000  2199.84         73    1206    573.7340     41.670   43.474
620           5   0.483073   0.401109    0.889727   -617.29600  -1544.68000  2199.78         73    1206    573.7340     41.670   43.474
621           5   0.137834   0.123822    0.183009    -81.45610  -1011.95000  2199.92         73    1206    573.7340     41.670   43.474
634           5   0.996237   0.858278    1.480950    305.34600   -760.51800  2199.95         73    1206    573.7340     41.670   43.474
638           5   1.385720   1.153620    2.065510    613.29400   -577.62100  2199.94         73    1206    573.7340     41.670   43.474
677           5   0.440671   0.332793    0.731279   -379.97400  -1060.35000  2199.90         73    1206    573.7340     41.670   43.474
684           5   1.817570   1.366430    2.789480   -395.12800  -1948.11000  2199.69         73    1206    573.7340     41.670   43.474
692           5   0.322694   0.228442    0.523333  -1858.59000  -2431.33000  2199.27         73    1206    573.7340     41.670   43.474
698           5   0.741199   0.605125    1.249590   -713.25600  -1364.27000  2199.81         73    1206    573.7340     41.670   43.474
724           5  -1.199840   0.113330    1.484130  -1582.29000  -1772.76000  2199.56         75    1206    194.3870     35.994  173.152
725           5  -1.735180  -0.170749    2.193490  -1893.28000  -4108.18000  2198.39         75    1206    194.3870     35.994  173.152
789           5  -2.031420  -4.389710    5.024100   -511.34800   -603.75300  2199.95         77    1206   4245.4700     42.367 -114.469
790           5  -2.895340  -8.322840    9.751310   1022.56000   -324.44200  2199.91         77    1206   4245.4700     42.367 -114.469
873           5  -5.346350 -11.654100   14.231000     82.23790    151.05500  2200.00         77    1206   4245.4700     42.367 -114.469
875           5  -1.141010  -2.232620    2.656100   -769.43100   -549.18400  2199.93         77    1206   4245.4700     42.367 -114.469
877           5  -0.862212  -2.260060    2.251380    -82.86320  -2061.01000  2199.67         77    1206   4245.4700     42.367 -114.469
895           5  -0.637315  -1.759280    1.980340    360.52100   -222.13800  2199.99         77    1206   4245.4700     42.367 -114.469
897           5  -0.777627  -2.191090    2.209670    351.92200   -877.46900  2199.93         77    1206   4245.4700     42.367 -114.469
898           5  -8.799300 -21.518000   24.738200    212.77800   -489.98400  2199.98         77    1206   4245.4700     42.367 -114.469
941           5  -1.082900  -2.116530    2.965790     85.71310   1056.46000  2199.91         77    1206   4245.4700     42.367 -114.469
962           5 -25.599000 -57.158500   68.048600      8.30232   -240.35900  2200.00         77    1206   4245.4700     42.367 -114.469
987           5  -1.021230  -3.072950    2.994600    194.89200   -770.66700  2199.95         77    1206   4245.4700     42.367 -114.469
992           5  -0.303730  -0.276714    0.437665    -47.25410    347.29300  2199.99         77    1206   4245.4700     42.367 -114.469
1005          5  -1.027820  -2.322790    2.740710     92.30810   -174.18600  2200.00         77    1206   4245.4700     42.367 -114.469
1065          5  -0.550885  -1.092490    1.163780   -234.07000   -531.04600  2199.97         77    1206   4245.4700     42.367 -114.469
1066          5  -0.188177  -0.859498    0.891721    229.43600   -428.49500  2199.98         77    1206   4245.4700     42.367 -114.469
1088          5  -0.048865  -0.184168    0.193678    425.69700   -321.34900  2199.98         77    1206   4245.4700     42.367 -114.469
1105          5  -0.327017  -0.605002    0.760938   -535.37900    667.52800  2199.94         77    1206   4245.4700     42.367 -114.469
1139          5  -1.853140  -1.700190    2.423560  -1890.10000    604.71900  2199.69         77    1206   4245.4700     42.367 -114.469
1181          5  -1.532160  -4.015820    4.972340    343.55500     55.24880  2199.99         77    1206   4245.4700     42.367 -114.469
1194          5  -0.729249  -1.434910    1.737080   -176.06800    120.38000  2200.00         77    1206   4245.4700     42.367 -114.469
1210          5  -1.175440  -3.134410    2.213850  -1091.19000  -4084.80000  2198.60         77    1206   4245.4700     42.367 -114.469
1213          5  -2.271370  -4.939600    5.797550    -77.30720   -130.18000  2200.00         77    1206   4245.4700     42.367 -114.469
1235          5  -3.694420  -9.636050   11.482800    416.71600   -220.66600  2199.98         77    1206   4245.4700     42.367 -114.469
1237          5  -0.775237  -2.334040    1.889010   -699.04200  -3566.10000  2198.96         77    1206   4245.4700     42.367 -114.469
1261          5  -0.049403   0.063535    0.206305   -121.34000    899.20800  2199.94         77    1206   4245.4700     42.367 -114.469
1309          5  -3.035560  -6.700670    7.983800      4.61427   -146.33700  2200.00         77    1206   4245.4700     42.367 -114.469
1310          5  -7.758160 -17.473400   20.649700     24.17740   -288.46200  2199.99         77    1206   4245.4700     42.367 -114.469
1360          5  -1.338000  -3.780900    4.460160    607.77900   -315.19000  2199.96         77    1206   4245.4700     42.367 -114.469
1362          5  -3.354120  -7.995940    9.843860    404.65400      6.43977  2199.99         77    1206   4245.4700     42.367 -114.469
1363          5 -42.979700 -94.528700  113.392000    -21.74300   -182.02900  2200.00         77    1206   4245.4700     42.367 -114.469
1371          5  -3.006520  -6.885620    7.327740   -255.08600   -954.77700  2199.92         77    1206   4245.4700     42.367 -114.469
1372          5   0.089109  -0.241857    0.222581   4161.85000  -1132.91000  2198.54         77    1206   4245.4700     42.367 -114.469
1375          5  -1.296670  -2.352060    2.643510   -672.24300   -349.96500  2199.95         77    1206   4245.4700     42.367 -114.469
1376          5  -0.684662  -1.966240    2.335720    895.64700   -186.06700  2199.93         77    1206   4245.4700     42.367 -114.469
1387          5  -0.948260  -2.314630    3.042020    526.89700    748.94200  2199.93         77    1206   4245.4700     42.367 -114.469
1390          5  -1.255650  -4.004330    4.963210   1162.08000     47.71490  2199.89         77    1206   4245.4700     42.367 -114.469
1391          5  -0.560927  -1.226900    1.392320   -244.00700   -504.25000  2199.98         77    1206   4245.4700     42.367 -114.469
1402          5  -0.542197  -1.500050    1.771230    450.54600    157.83000  2199.98         77    1206   4245.4700     42.367 -114.469
1403          5  -0.207025   0.126031    0.532284   -217.15500   5114.28000  2197.94         77    1206   4245.4700     42.367 -114.469
1406          5  -0.484022  -0.617650    0.940745   -823.49000    679.71800  2199.91         77    1206   4245.4700     42.367 -114.469
1407          5  -0.672841  -1.025240    0.871899  -1783.61000  -1001.29000  2199.67         77    1206   4245.4700     42.367 -114.469
1408          5  -0.206536  -0.684385    1.601970    991.21600   1525.93000  2199.74         77    1206   4245.4700     42.367 -114.469
1409          5  -1.916990  -4.441360    5.104900    -29.56550   -357.83600  2199.99         77    1206   4245.4700     42.367 -114.469
1411          5  -0.200544  -0.165727    0.236347  -2837.92000   1005.14000  2199.29         77    1206   4245.4700     42.367 -114.469
1443          5  -0.287092  -1.083950    1.213860   2000.46000      6.70723  2199.69         77    1206   4245.4700     42.367 -114.469
1446          5  -6.659410 -12.323100   15.503100   -778.12000    536.02800  2199.93         77    1206   4245.4700     42.367 -114.469
1449          5  -1.398440  -2.437430    3.059450  -1142.44000    388.73800  2199.89         77    1206   4245.4700     42.367 -114.469
1450          5  -0.351079  -1.208040    1.427570   1817.42000    170.33100  2199.74         77    1206   4245.4700     42.367 -114.469
1453          5  -1.699790  -3.897340    5.352840    769.16200   1315.42000  2199.82         77    1206   4245.4700     42.367 -114.469
1513          5  -3.561470  -7.396420    8.367860   -434.21400   -608.72200  2199.96         77    1206   4245.4700     42.367 -114.469
1598          5  -0.631223  -1.600980    1.390580   -673.35900  -2325.74000  2199.54         77    1206   4245.4700     42.367 -114.469
1610          5  -0.311048  -0.939604    1.147430    978.68300   -306.09700  2199.92         77    1206   4245.4700     42.367 -114.469
1644          5  -0.394086  -1.081790    1.212020    844.77800    132.97400  2199.94         77    1206   4245.4700     42.367 -114.469
1645          5  -0.640705  -1.164030    1.099960  -2006.60000  -1939.90000  2199.39         77    1206   4245.4700     42.367 -114.469
1653          5  -2.255600  -5.479030    6.453940    273.60900   -249.72000  2199.99         77    1206   4245.4700     42.367 -114.469
1671          5  -3.421800  -6.653880    7.718950   -382.59100   -370.74400  2199.98         77    1206   4245.4700     42.367 -114.469
1705          5   0.295640   0.603911    0.632863  -2149.98000  -6326.25000  2196.50         81    1206    295.5490     55.122   71.534
1725          5  -0.510818  -0.186370    0.760619  -1349.65000 -10783.60000  2190.73         88    1206     81.3071     32.463  173.441
1731          5  -0.539976  -0.133573    0.625529  -1497.04000  -2641.43000  2199.28         90    1206    141.8440     33.536 -160.779
1732          5  -0.103740   0.033368    0.180937   7212.32000  -7050.96000  2192.02         91    1206     77.9473     45.084  158.074
1748          5   1.289460   0.053105    1.608270   1226.04000    235.24300  2199.88         94    1206    222.4600     35.815    2.669
1749          5   0.983566   0.002126    1.430120    161.37200   -839.29800  2199.94         94    1206    222.4600     35.815    2.669
1762          5   0.028212   0.512589    2.979420  -1613.13000  -2525.30000  2199.30         96    1206    262.9110     15.553   82.536
1765          5   0.058184   0.112620    0.670763    271.09900  -1951.82000  2199.70         96    1206    262.9110     15.553   82.536
1792          5   0.065721   0.574087    4.526840    -72.78630  -2191.74000  2199.62         96    1206    262.9110     15.553   82.536
1818          5   0.112576   0.816051    2.749690   -168.98200   -767.11400  2199.95         96    1206    262.9110     15.553   82.536
1822          5   0.036012   0.610259    4.194780   -934.86500  -2976.84000  2199.24         96    1206    262.9110     15.553   82.536
1832          5  -5.921350  -6.067050    8.969360   -472.55200  -1085.82000  2199.89        103    1206    770.3740     42.635 -135.066
1835          5  -1.126880  -1.188010    1.400160  -2918.97000  -2512.82000  2198.84        103    1206    770.3740     42.635 -135.066
1851          5  -0.944816  -0.781289    1.234500  -1100.03000   -404.93000  2199.89        103    1206    770.3740     42.635 -135.066
1852          5  -0.424362  -0.411799    0.453890  -2041.66000  -2365.42000  2199.23        103    1206    770.3740     42.635 -135.066
1873          5  -0.275792  -0.223361    0.598748   1944.50000   2660.93000  2199.15        103    1206    770.3740     42.635 -135.066
1887          5  -0.063898  -0.163260    0.123594    452.91000  -1541.14000  2199.80        103    1206    770.3740     42.635 -135.066
1960          5  -3.034820  -2.950260    4.093340   -279.92000  -1145.86000  2199.89        103    1206    770.3740     42.635 -135.066
1978          5  -2.882380  -2.946210    4.384670   -178.98300   -747.87400  2199.95        103    1206    770.3740     42.635 -135.066
1979          5  -0.414521  -0.573991    0.992341   3195.53000     56.34800  2199.20        103    1206    770.3740     42.635 -135.066
2028          5  -4.952470  -5.179350    7.306030   -325.30700  -1330.21000  2199.85        103    1206    770.3740     42.635 -135.066
2030          5  -0.366281  -0.610979    1.019450   1708.79000   -240.49800  2199.77        103    1206    770.3740     42.635 -135.066
2032          5  -0.522145  -2.289390    0.936820  -2503.65000 -15837.80000  2179.83        105    1206    288.7720     56.298 -103.562
2039          5  -0.074867  -0.002893    0.566765    668.75600  -1108.34000  2199.87        108    1206    165.3100      6.940 -178.113
2079          5  -0.295527   0.227172    2.065200   -331.66800  -1662.55000  2199.77        108    1206    165.3100      6.940 -178.113
2087          5   5.180140   1.671710    4.696520  -4186.46000  -1405.17000  2198.47        110    1206    383.7660     54.257   17.872
2095          5   0.482556   0.990914    2.261200    857.29200  -2076.05000  2199.60        115    1206    175.1080     25.447   72.199
2137          5  -0.069663   0.169289    0.782357  -1887.03000  -3204.39000  2198.92        115    1206    175.1080     25.447   72.199
2150          5   1.077860  -0.391143    1.306230   2546.78000  -2695.21000  2198.92        117    1206    127.2990     32.873  -21.515
2156          5   0.058874   0.220933    0.150258  -1152.16000  -3704.13000  2198.82        119    1206    562.1080     57.084   75.903
2159          5  -0.001773   0.128032    0.803310  -1439.39000  -1326.02000  2199.70        120    1206    583.6290     16.666   63.900
2162          5   2.299760   5.548450   18.502600   -201.41200     28.89530  2200.00        120    1206    583.6290     16.666   63.900
2172          5   0.031991  -0.116699    1.347860  -2407.42000  -6111.30000  2196.62        120    1206    583.6290     16.666   63.900
2177          5   0.084294   0.264223    0.749884  -1159.98000   1593.78000  2199.70        120    1206    583.6290     16.666   63.900
2275          5   0.416564   0.434015    2.580450    315.07100  -1709.58000  2199.76        120    1206    583.6290     16.666   63.900
2277          5   0.284677   0.432613    2.055750    122.99100  -1072.12000  2199.91        120    1206    583.6290     16.666   63.900
2289          5   0.101987   0.363642    1.180930   -836.24800   -352.70200  2199.94        120    1206    583.6290     16.666   63.900
2296          5   1.249090   2.784190    9.605790    -74.50770   -264.08400  2199.99        120    1206    583.6290     16.666   63.900
2324          5   1.362750   1.278270    2.431970  -3882.40000  -5910.63000  2196.08        124    1206    477.8080     47.433   47.783
2326          5   0.794231   0.870299    1.347140  -3651.75000  -2787.49000  2198.34        124    1206    477.8080     47.433   47.783
2330          5   0.198461   0.199311    0.336980  -2149.06000  -3584.84000  2198.63        124    1206    477.8080     47.433   47.783
2331          5   0.807386   0.852061    1.477230  -2072.29000  -3060.30000  2198.93        124    1206    477.8080     47.433   47.783
2332          5   1.381330   2.081880    2.808370  -3089.52000  -1674.25000  2199.03        124    1206    477.8080     47.433   47.783
2333          5   0.241338   0.698747    0.709584  -4552.50000   1161.31000  2198.27        124    1206    477.8080     47.433   47.783
2356          5   0.754029   5.917070    5.982870    -46.54070   -524.43400  2199.98        131    1206    595.2840     45.080   82.729
2384          5   0.030312   0.302219    0.357392  -1594.31000  -3259.95000  2198.97        131    1206    595.2840     45.080   82.729
2387          5  -0.012687   0.293127    0.554688  -1058.58000  -3615.94000  2198.89        131    1206    595.2840     45.080   82.729
2392          5   0.243994   1.515520    1.862140   -187.35400  -2249.32000  2199.60        131    1206    595.2840     45.080   82.729
2402          5   0.116879   2.400110    2.232900  -1010.89000    452.21000  2199.90        131    1206    595.2840     45.080   82.729
2414          5   0.639808   5.149250    5.302060     -2.27126  -1252.76000  2199.88        131    1206    595.2840     45.080   82.729
2418          5   0.039196   2.474740    2.816880  -1664.06000  -2294.41000  2199.37        131    1206    595.2840     45.080   82.729
2485          5  -0.642318  -0.722800    0.478865  -6821.82000 -12545.50000  2184.00        140    1608    200.8660     44.937 -144.047
2502          5   1.798380  -2.165050    2.630320    957.17500  -5034.91000  2197.94        146    1608    345.0220     40.849  -42.145
2555          5  -0.908667  -1.961450    1.504040   -886.61100  -3661.59000  2198.89        160    1608   1930.6100     49.024 -119.130
2557          5  -3.410460  -5.571650    5.606080   -703.96800    115.32900  2199.96        160    1608   1930.6100     49.024 -119.130
2572          5  -0.166963  -0.627551    1.221270   3747.83000   5226.17000  2196.76        160    1608   1930.6100     49.024 -119.130
2576          5  -0.523720  -1.059140    0.916695  -1345.48000  -1393.28000  2199.71        160    1608   1930.6100     49.024 -119.130
2577          5  -3.401080  -6.239730    5.854220   -328.69500  -1109.07000  2199.90        160    1608   1930.6100     49.024 -119.130
2578          5  -0.227773  -0.368775    0.457346    934.10700   1957.68000  2199.63        160    1608   1930.6100     49.024 -119.130
2583          5  -1.180140  -2.506730    2.389880   1148.48000   -775.79700  2199.85        160    1608   1930.6100     49.024 -119.130
2585          5  -3.043230  -5.655270    5.207010   -219.56500  -1158.17000  2199.89        160    1608   1930.6100     49.024 -119.130
2587          5  -3.098970  -4.817240    5.004570   -375.54400   -312.44600  2199.98        160    1608   1930.6100     49.024 -119.130
2596          5  -0.245881  -0.555135    0.371682    -66.92390   -929.01100  2199.93        160    1608   1930.6100     49.024 -119.130
2599          5  -3.159980  -5.432700    5.489950   -226.67500   -352.57900  2199.99        160    1608   1930.6100     49.024 -119.130
2612          5  -0.350841  -0.558393    0.412560  -2447.68000  -3190.95000  2198.73        160    1608   1930.6100     49.024 -119.130
2613          5  -0.390809  -0.426834    0.687020     42.72480   3770.97000  2198.88        160    1608   1930.6100     49.024 -119.130
2628          5  -8.757880 -16.634700   16.010700     -6.45449  -1022.64000  2199.92        160    1608   1930.6100     49.024 -119.130
2630          5  -1.792270  -2.846290    2.828040  -1167.30000   -497.39700  2199.87        160    1608   1930.6100     49.024 -119.130
2631          5  -1.054440  -2.185040    1.858870    173.55300  -1305.46000  2199.86        160    1608   1930.6100     49.024 -119.130
2644          5  -3.764050  -7.371990    6.548540   -163.56100  -1950.13000  2199.70        160    1608   1930.6100     49.024 -119.130
2647          5  -0.925678  -1.636750    1.264520   -927.70200  -2716.22000  2199.35        160    1608   1930.6100     49.024 -119.130
2648          5  -1.390940  -2.548700    2.156280   -576.85100  -1991.73000  2199.66        160    1608   1930.6100     49.024 -119.130
2653          5  -0.212614  -0.496213    0.424961    202.77300   -880.20800  2199.94        160    1608   1930.6100     49.024 -119.130
2702          5  -0.512197  -0.562241    0.733291   -111.92800   -266.61100  2199.99        160    1608   1930.6100     49.024 -119.130
2705          5  -0.307968  -0.685107    0.150185   -712.83800  -2166.65000  2199.59        160    1608   1930.6100     49.024 -119.130
2739          5  -3.148490  -5.649520    5.473940   -144.81600   -804.37900  2199.95        160    1608   1930.6100     49.024 -119.130
2778          5  -6.261200 -11.572000   10.766900   -177.85600  -1030.83000  2199.91        160    1608   1930.6100     49.024 -119.130
2788          5  -0.276871  -0.461383    0.500564    351.16800    680.95500  2199.95        160    1608   1930.6100     49.024 -119.130
2911          5  -0.205638  -0.323842    0.644744    -42.21610      6.44343  2200.00        160    1608   1930.6100     49.024 -119.130
2919          5   2.212770   1.278870    1.052750  -8178.97000  -1806.09000  2194.50        162    1608    342.2070     69.386   26.565
2922          5   1.918330   3.277910    8.317240    490.61600  -1287.25000  2199.85        165    1608    922.1230     26.690   63.958
2929          5   1.124150   2.208640    5.574290   -185.26000   -426.35100  2199.98        165    1608    922.1230     26.690   63.958
2951          5   0.506427   0.653206    1.715490    906.16300   -810.98200  2199.88        165    1608    922.1230     26.690   63.958
2969          5   0.671815   1.330470    3.182560   -254.64900  -1093.77000  2199.90        165    1608    922.1230     26.690   63.958
2999          5   1.674930   2.925820    7.203450    418.06300  -1044.66000  2199.90        165    1608    922.1230     26.690   63.958
3000          5   1.288860   2.310750    6.110920   -190.02800  -1464.43000  2199.83        165    1608    922.1230     26.690   63.958
3029          5   2.709070   6.991220   13.858700   -263.29500    137.42600  2199.99        165    1608    922.1230     26.690   63.958
3035          5   2.035070   3.961980    8.996980    -81.70590   -611.09600  2199.97        165    1608    922.1230     26.690   63.958
3045          5   1.094200   2.217220    5.460400  -1071.32000  -1479.60000  2199.74        165    1608    922.1230     26.690   63.958
3048          5   0.691495   0.471580    2.509370    804.26300  -4251.80000  2198.53        165    1608    922.1230     26.690   63.958
3103          5   0.320564  -0.246355    0.532359  -1326.79000   3062.52000  2199.13        174    1608    634.1650     43.252  -48.010
3109          5   2.770680  -3.360480    3.951800   1017.92000  -2433.94000  2199.45        174    1608    634.1650     43.252  -48.010
3110          5   0.583216  -0.875736    0.826037    620.68000  -4278.22000  2198.53        174    1608    634.1650     43.252  -48.010
3146          5  -1.173360   0.049463    0.705967  -3205.52000  -3386.30000  2198.29        177    1608    248.0930     50.284  173.828
3147          5  -0.204275  -0.011883    0.186352   2943.77000  -4159.36000  2197.96        177    1608    248.0930     50.284  173.828
3158          5  -1.282390   0.923632    2.704540   -888.07100  -1811.12000  2199.68        179    1608    326.0160     28.578  137.195
3196          5  -0.409941   0.223822    0.958765    -79.30790  -2387.07000  2199.55        179    1608    326.0160     28.578  137.195
3215          5  -0.061977   0.235476    0.919937   3433.73000  -1785.36000  2198.82        179    1608    326.0160     28.578  137.195
3220          5   0.076201   0.116933    0.273171  -4691.26000  -2781.35000  2197.67        180    1608    321.5060     41.441   43.344
3229          5  -0.097668   1.842640    2.144310   1706.29000   -442.06900  2199.76        182    1608    565.0380     43.047   97.532
3230          5  -1.687170   6.337780    7.155590  -2621.38000  -1782.41000  2199.21        182    1608    565.0380     43.047   97.532
3231          5  -2.830820   8.216140    9.455660  -2444.44000  -2295.77000  2199.12        182    1608    565.0380     43.047   97.532
3232          5  -1.834290   7.683460    8.688680  -1701.28000  -2022.52000  2199.45        182    1608    565.0380     43.047   97.532
3240          5  -0.408739   2.768100    2.891560   -244.51100   -279.25200  2199.99        182    1608    565.0380     43.047   97.532
3288          5   0.388545   0.500901    1.380620   1236.73000  -2138.47000  2199.52        195    1608    256.0890     25.741   63.563
3321          5  -0.529875   0.234339    0.280089  -7381.46000    210.81100  2195.72        196    1608   2091.2800     51.698  141.357
3325          5 -20.257500  15.770200   20.720400    266.73900  -1096.14000  2199.90        196    1608   2091.2800     51.698  141.357
3326          5  -8.804420   6.656630    9.143210    974.85000  -1625.89000  2199.72        196    1608   2091.2800     51.698  141.357
3349          5 -26.531500  20.842800   26.609500   -450.57000    -98.59620  2199.98        196    1608   2091.2800     51.698  141.357
3350          5 -18.197600  13.470500   17.373200   -842.81300   -544.90500  2199.92        196    1608   2091.2800     51.698  141.357
3353          5  -1.246880   1.015690    1.564280   2933.67000  -1946.47000  2199.03        196    1608   2091.2800     51.698  141.357
3363          5  -0.088831   0.078721    0.262506   2821.79000  -2051.15000  2199.05        196    1608   2091.2800     51.698  141.357
3381          5  -2.069350   1.493490    2.196920    620.65100  -1160.67000  2199.86        196    1608   2091.2800     51.698  141.357
3382          5  -1.384390   0.886606    1.250570   -838.44800  -1341.42000  2199.80        196    1608   2091.2800     51.698  141.357
3385          5  -0.733581   0.791108    1.252960   6488.37000  -1800.25000  2196.44        196    1608   2091.2800     51.698  141.357
3386          5 -10.087500   7.777090   10.319800    331.06300  -1065.77000  2199.90        196    1608   2091.2800     51.698  141.357
3402          5  -0.224596   0.055601    0.264276  11838.70000 -13535.20000  2174.63        200    1608    287.3100     58.591  146.519
3466          5   0.149752  -0.024337    0.412338   2661.12000   -710.29700  2199.40        209    1608    430.3580      3.104  -93.892
3469          5  -0.166402  -0.451820    2.607020   -533.40000  -2053.29000  2199.65        209    1608    430.3580      3.104  -93.892
3508          5   0.081646   0.011970    0.434199   1285.47000   -161.40600  2199.87        209    1608    430.3580      3.104  -93.892
3521          5  -0.376833  -0.137745    0.842302   -121.11200   -994.07700  2199.92        209    1608    430.3580      3.104  -93.892
3535          5  -0.032642  -0.010633    0.109392  -1064.99000   -634.79500  2199.88        209    1608    430.3580      3.104  -93.892
3598          5   0.697555   0.159947    2.550530   -487.46300    434.74200  2199.97        211    1608    245.5330     17.907    3.180
3602          5   0.532669   0.056806    2.003780   -743.91800   -826.85700  2199.90        211    1608    245.5330     17.907    3.180
3607          5  -2.577880  -1.858660    1.463640  -7415.17000 -10641.60000  2186.80        212    1608    384.1170     60.497 -147.698
3610          5   0.077369  -0.105218    1.259650    356.74200  -4165.10000  2198.63        215    1608    130.3790      8.203  147.999
3626          5   5.936660  -2.392250    6.333550   1504.07000  -1180.06000  2199.71        216    1608   2155.2200     43.786  -22.584
3628          5   0.815985  -0.202219    0.849363   2506.04000   -351.03700  2199.50        216    1608   2155.2200     43.786  -22.584
3633          5   7.169390  -3.122050    7.971140    157.52000   -472.25300  2199.98        216    1608   2155.2200     43.786  -22.584
3650          5   4.669940  -1.960100    5.193280    -13.00350   -280.18900  2199.99        216    1608   2155.2200     43.786  -22.584
3651          5  15.196100  -6.481830   16.778100    428.11800   -445.13000  2199.97        216    1608   2155.2200     43.786  -22.584
3668          5   0.513697  -0.219019    0.553067    -60.65520     33.38930  2200.00        216    1608   2155.2200     43.786  -22.584
3669          5  12.947300  -5.442650   14.383600    186.82100   -239.43200  2199.99        216    1608   2155.2200     43.786  -22.584
3673          5   0.852614  -0.462029    0.919964    376.70500   -568.19900  2199.96        216    1608   2155.2200     43.786  -22.584
3675          5   5.982790  -2.368700    6.335650   1089.27000    -36.66340  2199.91        216    1608   2155.2200     43.786  -22.584
3676          5   1.603270  -0.794034    2.063910  -2383.85000   -218.30800  2199.55        216    1608   2155.2200     43.786  -22.584
3682          5   2.664910  -1.111230    2.720140    702.84900   -588.09800  2199.93        216    1608   2155.2200     43.786  -22.584
3683          5   0.919843  -0.511513    0.972580   1557.04000  -1572.73000  2199.62        216    1608   2155.2200     43.786  -22.584
3684          5   1.754710  -0.774837    1.900670    717.90200   -267.24900  2199.95        216    1608   2155.2200     43.786  -22.584
3685          5   1.080080  -0.526261    1.089740    231.49600   -410.28500  2199.98        216    1608   2155.2200     43.786  -22.584
3711          5   0.795685  -0.354624    0.739178   3344.99000  -1809.57000  2198.87        216    1608   2155.2200     43.786  -22.584
3715          5   1.261020  -0.645339    1.735590  -1330.82000    264.00900  2199.86        216    1608   2155.2200     43.786  -22.584
3716          5   5.020400  -1.836050    5.125050   1416.83000      2.96715  2199.84        216    1608   2155.2200     43.786  -22.584
3718          5  16.814900  -7.312530   18.471700    441.39600   -491.59800  2199.97        216    1608   2155.2200     43.786  -22.584
3721          5   1.615270   0.316829    1.907940    788.11600   2625.78000  2199.41        216    1608   2155.2200     43.786  -22.584
3739          5   1.210450  -0.320133    2.140830  -3690.91000   2064.51000  2198.60        216    1608   2155.2200     43.786  -22.584
3744          5   1.320460  -0.758905    2.011610  -1928.88000   -381.43500  2199.70        216    1608   2155.2200     43.786  -22.584
3764          5   0.165758  -0.167967    0.468969  -2686.21000   -487.56300  2199.42        216    1608   2155.2200     43.786  -22.584
3766          5   0.643598  -0.305349    0.797298    440.78600   -355.78900  2199.97        216    1608   2155.2200     43.786  -22.584
3793          5   6.019850  -2.490200    6.543650    435.86400   -285.45100  2199.98        216    1608   2155.2200     43.786  -22.584
3794          5   3.357510  -1.415280    3.709420    343.61100   -175.96400  2199.99        216    1608   2155.2200     43.786  -22.584
3797          5   0.449256  -0.265466    0.583077   -635.79400    -70.41170  2199.97        216    1608   2155.2200     43.786  -22.584
3836          5   0.692365  -0.431309    0.794295  -1648.30000  -1029.39000  2199.70        216    1608   2155.2200     43.786  -22.584
3837          5   3.022280  -1.463270    3.434180    -26.98980   -644.29800  2199.97        216    1608   2155.2200     43.786  -22.584
3839          5   2.175550  -0.402350    1.817900   2346.06000    963.72100  2199.50        216    1608   2155.2200     43.786  -22.584
3848          5   0.104123  -0.664074    0.754310   1380.33000  -5041.78000  2197.86        218    1608    159.6690     33.083  -85.697
3876          5   0.495740  -0.380932    0.439864   5913.85000  -4392.35000  2195.74        220    1608    237.3230     50.412  -32.579
3890          5   0.212399  -0.403897    0.709935  -1891.83000  -1528.13000  2199.54        225    1608    292.5730     42.709  -40.693
3901          5   1.368970   3.398700    2.822080  -2035.45000  -3551.40000  2198.69        229    1608    479.4710     54.763   65.659
3904          5   0.735396  -0.295834    0.727745  -2502.06000    -39.68840  2199.51        231    1608    481.2060     46.728  -17.411
3906          5   2.493090  -0.678956    2.643040   -306.75000    160.89500  2199.99        231    1608    481.2060     46.728  -17.411
3953          5   0.375834  -0.410963    1.046740  -2868.00000   2579.43000  2198.83        232    1608   1255.9900     30.789  -48.647
3968          5   2.956830  -2.938310    6.742840    681.76400     76.12950  2199.96        232    1608   1255.9900     30.789  -48.647
3969          5   1.781500  -1.574630    3.060530   2865.42000  -1431.74000  2199.20        232    1608   1255.9900     30.789  -48.647
4037          5   4.756340  -4.776870   10.031000   2358.30000   -804.15000  2199.51        232    1608   1255.9900     30.789  -48.647
4039          5   1.092430  -1.289170    2.949170   -120.77900   -141.87000  2200.00        232    1608   1255.9900     30.789  -48.647
4051          5   1.545010  -1.108840    2.726060   2129.43000    234.38900  2199.64        232    1608   1255.9900     30.789  -48.647
4053          5   1.257650  -1.218330    2.593550    422.71900   -458.69300  2199.97        232    1608   1255.9900     30.789  -48.647
4099          5   0.506055  -0.893219    1.367440   -349.41700  -3817.15000  2198.85        232    1608   1255.9900     30.789  -48.647
4104          5   2.278990  -2.770170    5.494960    272.24500   -828.56700  2199.94        232    1608   1255.9900     30.789  -48.647
4158          5   1.004670  -1.109630    2.369440    815.23700   -475.50500  2199.93        232    1608   1255.9900     30.789  -48.647
4168          5   1.817900  -3.206880    5.045330   -662.00500  -3115.79000  2199.20        232    1608   1255.9900     30.789  -48.647
4169          5   1.322310  -1.446170    2.956570   1278.89000   -447.29900  2199.86        232    1608   1255.9900     30.789  -48.647
4202          5  -2.301340  -2.852200    3.110050   2405.02000  -4234.73000  2198.14        238    2412    766.0850     49.764 -140.417
4204          5  -1.119220  -0.969425    1.088250  -1416.55000  -3106.03000  2199.09        238    2412    766.0850     49.764 -140.417
4262          5   0.880346   0.545847    1.049390   1224.99000    379.18600  2199.87        240    2412    420.8040     35.508   22.633
4275          5   2.491720  -2.460180    2.106840   1304.51000  -1522.44000  2199.68        243    2412    704.5720     57.764  -45.750
4277          5   0.908748  -1.235750    0.756325   2000.75000  -5772.40000  2197.07        243    2412    704.5720     57.764  -45.750
4302          5   0.063016  -0.036917    0.366674   8812.02000  -3212.94000  2193.10        247    2412    249.9410     24.389  174.746
4304          5   1.605950  -1.237770    1.018900  -2006.64000   -788.35600  2199.64        248    2412   2555.3200     64.148  -37.065
4305          5  13.385000 -10.318400    7.775500   1930.00000  -2186.40000  2199.33        248    2412   2555.3200     64.148  -37.065
4307          5   3.672380  -2.219840    2.236840   3169.52000   6258.26000  2196.14        248    2412   2555.3200     64.148  -37.065
4329          5   7.221610  -5.314350    4.339630    878.89500   -496.12800  2199.92        248    2412   2555.3200     64.148  -37.065
4332          5   0.477524  -0.412895    0.340851  -1896.14000   -722.30400  2199.68        248    2412   2555.3200     64.148  -37.065
4384          5  10.696700  -7.665950    6.510810    335.53700    625.59700  2199.96        248    2412   2555.3200     64.148  -37.065
4402          5   2.901530  -2.060640    1.706220     92.39600    552.58800  2199.98        248    2412   2555.3200     64.148  -37.065
4404          5   9.712220  -7.422980    6.003960    773.42000   -878.43300  2199.89        248    2412   2555.3200     64.148  -37.065
4405          5   0.966524  -0.694816    0.423312   5407.27000  -3742.73000  2196.61        248    2412   2555.3200     64.148  -37.065
4408          5  -0.135123   0.191115    0.411605   6272.74000 -11475.70000  2186.58        249    2412    184.6150     49.765  136.432
4415          5   0.055780  -0.021906    0.087883    756.22700  -3408.52000  2199.04        252    2412    219.3130     16.822  115.723
4478          5  22.089400 -17.887600   18.878900    653.87000   -170.05800  2199.96        255    2412   4798.0800     55.862  -39.458
4480          5   3.421160  -2.430500    2.558710   2673.70000    279.31700  2199.43        255    2412   4798.0800     55.862  -39.458
4482          5  16.037800 -13.360600   14.102200    281.75100   -457.37300  2199.98        255    2412   4798.0800     55.862  -39.458
4554          5  11.101400  -9.412230    9.259390   1692.59000  -1775.89000  2199.53        255    2412   4798.0800     55.862  -39.458
4556          5   2.363880  -1.799760    2.042540   -138.66200   1045.16000  2199.91        255    2412   4798.0800     55.862  -39.458
4562          5  13.348100 -11.103100   11.390000    586.07300   -684.11400  2199.94        255    2412   4798.0800     55.862  -39.458
4563          5   1.060550  -1.164220    1.172730  -2435.77000  -1117.97000  2199.44        255    2412   4798.0800     55.862  -39.458
4569          5  16.031700 -13.150700   13.692000    416.99100   -402.27200  2199.97        255    2412   4798.0800     55.862  -39.458
4573          5   0.544752  -0.601142    0.806814  -2918.55000   1922.61000  2199.04        255    2412   4798.0800     55.862  -39.458
4577          5   2.758330  -1.838950    2.282870    658.56600    292.36700  2199.96        255    2412   4798.0800     55.862  -39.458
4578          5   0.237695  -0.281889    0.195090    578.60600  -2004.65000  2199.66        255    2412   4798.0800     55.862  -39.458
4579          5  11.628800 -11.173700   10.593800     90.12830  -1116.32000  2199.90        255    2412   4798.0800     55.862  -39.458
4582          5   6.324280  -5.515040    5.902170   -907.26800    -55.86490  2199.94        255    2412   4798.0800     55.862  -39.458
4617          5   5.195980  -4.382500    4.695400   -385.75200    115.46100  2199.99        255    2412   4798.0800     55.862  -39.458
4619          5   0.372727  -0.362472    0.405056  -2502.04000   -382.21100  2199.50        255    2412   4798.0800     55.862  -39.458
4620          5  17.606900 -13.436200   14.528300   1183.03000     -4.55700  2199.89        255    2412   4798.0800     55.862  -39.458
4626          5   6.102210  -4.629700    4.553460   2161.02000   -926.83600  2199.57        255    2412   4798.0800     55.862  -39.458
4635          5  13.642000 -11.000700   11.662000    842.86300   -200.48500  2199.94        255    2412   4798.0800     55.862  -39.458
4636          5   3.267350  -2.766860    2.865320    371.27000   -240.88800  2199.98        255    2412   4798.0800     55.862  -39.458
4647          5   2.934140  -2.530590    2.554220    378.38500   -815.05000  2199.94        255    2412   4798.0800     55.862  -39.458
4665          5   3.675820  -2.325690    3.606190   -630.02900   1785.25000  2199.72        255    2412   4798.0800     55.862  -39.458
4679          5   6.773920  -5.076310    5.626250    847.88400      8.39959  2199.94        255    2412   4798.0800     55.862  -39.458
4682          5   1.192160  -0.983483    0.845529   2941.50000  -1740.56000  2199.08        255    2412   4798.0800     55.862  -39.458
4683          5   2.077540  -1.632760    2.010710  -1318.84000   1627.65000  2199.66        255    2412   4798.0800     55.862  -39.458
4701          5   9.692520  -8.114600    8.408160    233.32800   -448.00500  2199.98        255    2412   4798.0800     55.862  -39.458
4704          5   9.249610  -7.364970    8.455210   -159.53100    331.05800  2199.99        255    2412   4798.0800     55.862  -39.458
4706          5   7.393710  -6.773480    5.602230   1832.54000  -2616.94000  2199.20        255    2412   4798.0800     55.862  -39.458
4707          5   1.943010  -1.618160    1.640470    151.21000   -519.86800  2199.98        255    2412   4798.0800     55.862  -39.458
4708          5   2.808160  -2.409520    2.335900    613.77600   -708.43000  2199.93        255    2412   4798.0800     55.862  -39.458
4710          5   4.398440  -4.146160    4.154710   -115.49700  -1077.73000  2199.91        255    2412   4798.0800     55.862  -39.458
4720          5   8.424020  -7.764470    7.726180   -307.43600  -1245.46000  2199.87        255    2412   4798.0800     55.862  -39.458
4740          5   5.424720  -4.176890    5.028210   -452.11600    991.35000  2199.91        255    2412   4798.0800     55.862  -39.458
4741          5   0.274320  -0.359348    0.403593  -2331.34000    899.41300  2199.51        255    2412   4798.0800     55.862  -39.458
4781          5   3.563550  -3.013780    2.814460   2026.06000  -2044.04000  2199.35        255    2412   4798.0800     55.862  -39.458
4782          5  15.005600 -12.335600   13.010500    532.98900   -481.40800  2199.96        255    2412   4798.0800     55.862  -39.458
4787          5  -5.056900  -4.304320    2.156870  -6536.85000 -11016.40000  2187.13        257    2412    957.3110     67.824 -143.342
4791          5  -7.371410  -6.243380    3.164390  -6669.89000 -10314.20000  2188.16        257    2412    957.3110     67.824 -143.342
4803          5  -0.131952   0.062615    0.170091   -263.31400 -11288.90000  2190.00        258    2412    480.6780     59.287  128.310
4811          5  -0.088717   0.238869    1.864620  -2843.76000  -1092.55000  2199.27        260    2412    521.5090     16.194   53.139
4813          5   0.830793   0.802470    3.549220   2183.98000     -9.02172  2199.63        260    2412    521.5090     16.194   53.139
4857          5   0.826312   1.566420    7.360060   -727.55900  -1275.63000  2199.83        260    2412    521.5090     16.194   53.139
4880          5  -0.087587  -0.356550    0.673136  -2736.78000  -8684.98000  2193.50        263    2412    223.7910     24.152   52.345
4884          5   2.997840   2.077150    9.383820  -1293.03000   -243.52900  2199.86        265    2412   1944.5000     25.659   28.197
4926          5   9.926170   5.106220   23.731900    -46.38560   -413.32400  2199.99        265    2412   1944.5000     25.659   28.197
4927          5   1.423570   0.682841    3.587360   -411.91400   -645.87300  2199.95        265    2412   1944.5000     25.659   28.197
4928          5   1.730630   0.839741    3.966350    370.24600   -491.39800  2199.97        265    2412   1944.5000     25.659   28.197
4929          5   0.402005   0.180210    1.183700  -2018.10000     18.34240  2199.68        265    2412   1944.5000     25.659   28.197
4939          5   0.259446   0.126508    0.678877   -155.95800   -446.93200  2199.98        265    2412   1944.5000     25.659   28.197
4940          5   0.293094   0.188524    0.447327   2036.35000   2543.27000  2199.17        265    2412   1944.5000     25.659   28.197
4943          5   1.500650   0.683262    3.492020   -289.54600   -641.70100  2199.96        265    2412   1944.5000     25.659   28.197
4949          5   2.341970   1.023510    5.182970    482.62000   -800.29700  2199.93        265    2412   1944.5000     25.659   28.197
4957          5   2.828760   1.121170    6.716220     48.94040  -1201.54000  2199.89        265    2412   1944.5000     25.659   28.197
4985          5   0.174551   0.107704    0.354409   1483.68000   -332.89100  2199.82        265    2412   1944.5000     25.659   28.197
5022          5   0.390085   0.191098    0.677247    811.69600   -142.20700  2199.95        265    2412   1944.5000     25.659   28.197
5046          5   1.517020   0.635282    3.529000    -14.99660   -646.45200  2199.97        265    2412   1944.5000     25.659   28.197
5051          5   7.257860   3.793920   17.261500    -68.13350   -351.01700  2199.99        265    2412   1944.5000     25.659   28.197
5094          5   0.568323   0.473467    1.675550   -967.06100    744.50600  2199.88        265    2412   1944.5000     25.659   28.197
5095          5   0.766070   0.242571    2.126980   -774.98800  -1266.74000  2199.83        265    2412   1944.5000     25.659   28.197
5100          5   7.951960   4.281000   19.115100   -177.86400   -362.92700  2199.99        265    2412   1944.5000     25.659   28.197
5104          5   0.498535   0.352676    1.699430   -774.55800   -843.23700  2199.90        265    2412   1944.5000     25.659   28.197
5118          5   0.418536   0.107089    0.765958    939.79800   -426.98300  2199.92        265    2412   1944.5000     25.659   28.197
5121          5   0.898244   0.367071    2.299040   -394.10900   -686.34100  2199.95        265    2412   1944.5000     25.659   28.197
5126          5   1.077600   0.270768    2.527500    156.18800  -1377.49000  2199.85        265    2412   1944.5000     25.659   28.197
5140          5   0.575551   0.208348    1.515490   -323.13400  -1110.64000  2199.90        265    2412   1944.5000     25.659   28.197
5143          5  13.772200   7.414010   32.868900   -107.16600   -257.75300  2199.99        265    2412   1944.5000     25.659   28.197
5160          5  11.492900   5.326340   25.085700    393.73000   -482.82900  2199.97        265    2412   1944.5000     25.659   28.197
5161          5   0.149617   0.073356    0.504291  -1912.85000   -897.11300  2199.65        265    2412   1944.5000     25.659   28.197
5163          5   0.674223   0.340602    1.529390    345.35400    -49.02790  2199.99        265    2412   1944.5000     25.659   28.197
5171          5   1.183760   0.447273    2.592960    146.35100   -946.76100  2199.93        265    2412   1944.5000     25.659   28.197
5173          5   1.114010   1.171100    3.776950  -1353.13000    460.80700  2199.84        265    2412   1944.5000     25.659   28.197
5189          5   2.978090   1.695670    7.109050    -99.84440   -133.91800  2200.00        265    2412   1944.5000     25.659   28.197
5212          5   0.101326  -0.000407    0.302433     88.50260  -1078.60000  2199.91        265    2412   1944.5000     25.659   28.197
5252          5  -0.044317   0.268953    0.360464   -997.27000  -5871.01000  2197.22        267    2412    181.7740     20.345   58.258
5323          5  15.477100 -22.613600    5.622510  13959.00000 -18308.60000  2158.42          2    1206   1051.4300     75.681  -56.477
5324          5   0.693811   1.168380    0.775546 -23954.10000 -40438.90000  2026.69          3    1206    374.3340     74.842   59.812
5411          5  -8.377520   7.714420    4.424530  11204.70000 -17855.30000  2165.14          7    1608   2809.8000     72.953  134.006
5412          5 -10.346900  10.243600    4.958270   5796.04000  -8559.97000  2191.62          7    1608   2809.8000     72.953  134.006
5413          5  -4.517660   4.293780    2.348460   7275.64000 -10974.80000  2186.40          7    1608   2809.8000     72.953  134.006
5415          5  -7.363070   7.288920    3.357760   1540.59000  -3172.95000  2199.02          7    1608   2809.8000     72.953  134.006
5421          5  -1.506250   1.807250    0.770342   2308.52000    321.05600  2199.57          7    1608   2809.8000     72.953  134.006
5423          5  -5.048950   4.895730    1.992150  -3745.93000   2726.89000  2198.32          7    1608   2809.8000     72.953  134.006
5431          5  -4.333650   8.053020    3.797210   6396.80000 -28688.80000  2132.22         11    1608    503.5700     73.064  113.697
5432          5  -3.655950   0.545038    0.775540  66432.70000 -20647.10000  1820.32         12    1608   1340.8300     83.951  168.858
5433          5  -2.861360   2.253790    1.516610  15952.50000 -24615.00000  2132.50         13    1608    371.7330     72.665  136.279
5437          5  -5.011780  -4.922640    1.734190  -5022.63000  -9995.82000  2190.18         16    2412   2181.7300     73.780 -138.683
5518          5 -22.229000 -20.407800    8.520290  -4150.22000  -7002.68000  2194.80         16    2412   2181.7300     73.780 -138.683
5589          5  -9.669320  -8.625560    3.559530  -4466.54000  -6103.28000  2195.51         16    2412   2181.7300     73.780 -138.683
5590          5   0.777471   8.577370    3.478200  -2021.57000 -15225.40000  2181.49         17    2412   2767.4200     72.340   84.605
5610          5   1.748230  22.431600    8.085910  -2243.52000 -10288.40000  2191.30         17    2412   2767.4200     72.340   84.605
5611          5   1.097570  14.835800    5.419250  -2525.64000  -8115.45000  2194.33         17    2412   2767.4200     72.340   84.605
5636          5   0.421269   3.524070    1.417600   -376.86800 -12156.30000  2188.40         17    2412   2767.4200     72.340   84.605
5645          5   0.494516   6.187370    2.413410  -2512.18000 -14902.70000  2182.08         17    2412   2767.4200     72.340   84.605
5646          5  -0.069982   5.462910    2.603250  -7681.97000 -25751.00000  2143.35         17    2412   2767.4200     72.340   84.605
5647          5   1.913490  21.585300    7.692450  -1562.51000  -8027.40000  2194.75         17    2412   2767.4200     72.340   84.605
5648          5   0.826967  11.363200    4.687880  -2616.70000 -15808.90000  2179.86         17    2412   2767.4200     72.340   84.605
5649          5   0.648051   9.601030    3.838340  -3240.17000 -14948.70000  2181.65         17    2412   2767.4200     72.340   84.605
5650          5   2.267170  23.110600    8.252890  -1068.71000  -8334.11000  2194.46         17    2412   2767.4200     72.340   84.605

