Tabla para CorsikaId 3:
      CorsikaId        px        py        pz           x            y        z  shower_id  prm_id  prm_energy  prm_theta  prm_phi
7             3  0.000802  0.005346  0.003675 -4556.76000   3127.45000  2197.60          2     703    214.0730     48.577  -14.098
42            3 -0.010929  0.001412  0.018569  1391.09000   1547.95000  2199.66          5     703    227.9390     26.090  169.614
56            3  0.003768  0.010951  0.008239   823.50000    896.06400  2199.88          5     703    227.9390     26.090  169.614
71            3  0.002019 -0.008455  0.008456  -364.77400  -2242.01000  2199.60          5     703    227.9390     26.090  169.614
72            3 -0.001568  0.000053  0.001799  1417.82000   1830.08000  2199.58          5     703    227.9390     26.090  169.614
103           3 -0.008548 -0.021370  0.020916   397.18500  -5177.39000  2197.88          7     703    244.4650     33.548 -123.487
112           3 -0.124051 -0.218672  0.175491   392.39200  -5180.96000  2197.88          7     703    244.4650     33.548 -123.487
138           3 -0.003950 -0.000732  0.011756 -5904.39000   2000.22000  2196.95         19    1206    134.5380     52.180  -34.426
177           3  0.019386  0.139871  0.110289 -2044.35000  -4369.31000  2198.17         30    1206    332.1460     50.570   67.962
189           3  0.000723 -0.002403  0.002638 -2221.80000  -5592.25000  2197.16         35    1206     56.4279     29.498  -58.231
212           3 -0.001418 -0.004291  0.002466  -809.36300  -5795.86000  2197.31         40    1206    121.2740     34.533 -125.392
215           3 -0.004501 -0.005031  0.013870  -819.37700  -5808.94000  2197.30         40    1206    121.2740     34.533 -125.392
271           3 -0.002086 -0.000441  0.007206  -364.22400  -1777.71000  2199.74         44    1206    243.1040      5.162 -124.563
285           3 -0.029682 -0.027506  0.063134  -382.04900  -1810.29000  2199.73         44    1206    243.1040      5.162 -124.563
302           3 -0.034624 -0.108506  0.430852  -191.93600  -1684.18000  2199.77         44    1206    243.1040      5.162 -124.563
306           3  0.011880 -0.044532  0.139236  -117.10500  -1750.58000  2199.76         44    1206    243.1040      5.162 -124.563
326           3 -0.002021 -0.000340  0.001794 -1370.42000  -1876.69000  2199.58         44    1206    243.1040      5.162 -124.563
361           3  0.002513  0.039886  0.112937   577.64900  -2121.34000  2199.62         46    1206    103.3080     17.280   31.552
366           3  0.005591  0.005870  0.003156  5398.06000  -3602.32000  2196.70         46    1206    103.3080     17.280   31.552
378           3 -0.000774  0.001155  0.001466   539.53100  -3915.73000  2198.77         47    1206    119.2090     35.372 -136.987
379           3 -0.001578  0.001325  0.001821   542.43900  -3915.49000  2198.77         47    1206    119.2090     35.372 -136.987
418           3 -0.002587  0.018696  0.075473 -1109.07000   -703.29900  2199.86         52    1206    186.6090     50.686  -40.289
458           3  0.000005 -0.000259  0.000362  -573.56200  -9686.83000  2192.61         57    1206    211.2640     56.493   88.737
483           3 -0.027124 -0.003155  0.015741   124.89500    905.62600  2199.93         59    1206    414.6070     52.458 -148.318
502           3  0.005941  0.002007  0.006709  -155.31200  -1690.03000  2199.77         60    1206    259.4520     35.023   40.725
523           3  0.000695  0.000213  0.001894  5901.42000  -2708.05000  2196.69         64    1206    429.5540     30.718  141.373
541           3 -0.002128  0.008859  0.009047  2429.29000   -259.32200  2199.53         64    1206    429.5540     30.718  141.373
553           3 -0.000522  0.001141  0.001219  1036.55000    -70.72270  2199.92         64    1206    429.5540     30.718  141.373
554           3  0.002187  0.001402  0.001243  1034.84000    -72.40270  2199.92         64    1206    429.5540     30.718  141.373
560           3 -0.004335 -0.000234  0.002365  1109.58000    -48.06580  2199.90         64    1206    429.5540     30.718  141.373
565           3 -0.000682  0.002007  0.005027  1221.99000    -61.13350  2199.88         64    1206    429.5540     30.718  141.373
585           3  0.000111  0.000251  0.000307  -133.83800  -3589.88000  2198.99         72    1206    197.5150     27.878  141.033
586           3 -0.000558 -0.001118  0.001981  -133.85900  -3589.95000  2198.99         72    1206    197.5150     27.878  141.033
600           3 -0.004821  0.005342  0.006949 -1442.50000  -1681.78000  2199.61         72    1206    197.5150     27.878  141.033
649           3  0.000668  0.002586  0.008092 -1138.94000   -585.39900  2199.87         73    1206    573.7340     41.670   43.474
711           3  0.005507  0.005415  0.006305     2.39265  -1057.42000  2199.91         73    1206    573.7340     41.670   43.474
717           3  0.001485  0.004798  0.001494    22.32400   -951.04600  2199.93         73    1206    573.7340     41.670   43.474
748           3 -0.002373 -0.015823  0.003836    42.10410    805.29800  2199.95         77    1206   4245.4700     42.367 -114.469
785           3 -0.015715 -0.025815  0.036499    42.40680    933.56300  2199.93         77    1206   4245.4700     42.367 -114.469
793           3 -0.000883 -0.000400  0.002703    -9.68215   -743.51200  2199.96         77    1206   4245.4700     42.367 -114.469
802           3 -0.145515 -0.344674  0.389593    -6.28845   -746.14700  2199.96         77    1206   4245.4700     42.367 -114.469
807           3 -0.113386 -0.276640  0.315733    -6.61348   -746.58800  2199.96         77    1206   4245.4700     42.367 -114.469
834           3 -0.000246  0.001369  0.000957  -546.14400  -1289.96000  2199.85         77    1206   4245.4700     42.367 -114.469
841           3 -0.004853 -0.007188  0.003875  -598.37100  -1375.63000  2199.82         77    1206   4245.4700     42.367 -114.469
864           3 -0.018749 -0.012203  0.013357  -713.03100   -300.12300  2199.95         77    1206   4245.4700     42.367 -114.469
909           3 -0.002535 -0.002444  0.012464   150.24600   -214.31200  2199.99         77    1206   4245.4700     42.367 -114.469
912           3 -0.013038 -0.010761  0.022825    53.58010   -238.07600  2200.00         77    1206   4245.4700     42.367 -114.469
917           3 -0.002868 -0.006443  0.026880     2.80826   -209.66200  2200.00         77    1206   4245.4700     42.367 -114.469
927           3  0.006767 -0.004458  0.008162   353.07200     -1.73636  2199.99         77    1206   4245.4700     42.367 -114.469
932           3  0.000869 -0.001678  0.002067  -225.59000    250.00200  2199.99         77    1206   4245.4700     42.367 -114.469
935           3 -0.001431 -0.002389  0.000731    75.53820     42.19740  2200.00         77    1206   4245.4700     42.367 -114.469
938           3 -0.000066 -0.000472  0.003422  -490.51100    783.23000  2199.93         77    1206   4245.4700     42.367 -114.469
974           3 -0.019421 -0.051754  0.066697  -456.78300   -540.87200  2199.96         77    1206   4245.4700     42.367 -114.469
985           3 -0.011457 -0.019285  0.018440  -408.80000   -495.76900  2199.97         77    1206   4245.4700     42.367 -114.469
1014          3 -0.000205  0.009592  0.083724  1338.43000   2201.47000  2199.48         77    1206   4245.4700     42.367 -114.469
1029          3 -0.004594 -0.022455  0.032653   446.72800    -17.01120  2199.98         77    1206   4245.4700     42.367 -114.469
1042          3 -0.056689 -0.151897  0.213793   357.17500    -79.20470  2199.99         77    1206   4245.4700     42.367 -114.469
1054          3 -0.001571 -0.029276  0.035323   406.35900     84.14610  2199.99         77    1206   4245.4700     42.367 -114.469
1154          3 -0.000639 -0.000105  0.000395   727.77800    350.66200  2199.95         77    1206   4245.4700     42.367 -114.469
1177          3  0.007730 -0.003035  0.011352  2119.93000    557.53900  2199.62         77    1206   4245.4700     42.367 -114.469
1206          3  0.038029 -0.306893  0.310026   134.26300      8.71119  2200.00         77    1206   4245.4700     42.367 -114.469
1227          3 -0.001034 -0.000820  0.001025  1346.20000    728.20500  2199.82         77    1206   4245.4700     42.367 -114.469
1242          3 -0.007787 -0.033052  0.046029   751.10500   -177.19200  2199.95         77    1206   4245.4700     42.367 -114.469
1258          3 -0.005847 -0.003206  0.003078  -166.28400    837.37900  2199.94         77    1206   4245.4700     42.367 -114.469
1308          3  0.011432  0.001442  0.016758   149.31700   -238.26200  2199.99         77    1206   4245.4700     42.367 -114.469
1338          3 -0.016580 -0.036783  0.059372   -43.24260     90.97780  2200.00         77    1206   4245.4700     42.367 -114.469
1380          3  0.000414 -0.000369  0.000512  1447.11000    295.64100  2199.83         77    1206   4245.4700     42.367 -114.469
1383          3 -0.000747 -0.009661  0.008866  1229.06000    393.92600  2199.87         77    1206   4245.4700     42.367 -114.469
1393          3  0.001048 -0.005495  0.020488    19.23980    759.16600  2199.95         77    1206   4245.4700     42.367 -114.469
1414          3  0.001237  0.000337  0.004595  3512.53000  -1611.72000  2198.83         77    1206   4245.4700     42.367 -114.469
1489          3 -0.002979 -0.002486  0.004674  -869.57100   -806.25200  2199.89         77    1206   4245.4700     42.367 -114.469
1544          3 -0.000139 -0.001810  0.003616  1292.69000    270.06400  2199.86         77    1206   4245.4700     42.367 -114.469
1557          3 -0.005118 -0.004961  0.006335   544.44600    -26.16800  2199.98         77    1206   4245.4700     42.367 -114.469
1569          3 -0.007566 -0.006700  0.009942   803.89700     24.31160  2199.95         77    1206   4245.4700     42.367 -114.469
1580          3  0.000837 -0.000825  0.000680   884.08400     57.27840  2199.94         77    1206   4245.4700     42.367 -114.469
1585          3 -0.011862 -0.026331  0.066237   891.23200     96.00680  2199.94         77    1206   4245.4700     42.367 -114.469
1620          3 -0.000999 -0.001744  0.000727  -186.38800   -405.58400  2199.98         77    1206   4245.4700     42.367 -114.469
1642          3 -0.000202 -0.000828  0.003578   224.38300    457.83700  2199.98         77    1206   4245.4700     42.367 -114.469
1650          3  0.002191 -0.006230  0.006441  2884.15000      6.88378  2199.35         77    1206   4245.4700     42.367 -114.469
1719          3  0.001174  0.000501  0.001624  9734.14000  -2534.03000  2192.06         85    1206    226.9090     46.864  153.125
1746          3  0.025841 -0.001514  0.025262   362.13100  -1125.00000  2199.89         94    1206    222.4600     35.815    2.669
1771          3 -0.001621 -0.004976  0.007017  2966.24000  -2122.29000  2198.96         96    1206    262.9110     15.553   82.536
1788          3 -0.000525  0.000750  0.008017  2620.83000  -2064.92000  2199.13         96    1206    262.9110     15.553   82.536
1799          3  0.000787  0.001806  0.003458  1273.58000   -878.38400  2199.81         96    1206    262.9110     15.553   82.536
1853          3 -0.002417 -0.000934  0.003550  1343.08000   -720.80700  2199.82        103    1206    770.3740     42.635 -135.066
1872          3 -0.001924  0.001023  0.004557  2287.48000   3020.98000  2198.87        103    1206    770.3740     42.635 -135.066
1898          3 -0.008724  0.008678  0.012473   334.73400    -28.38690  2199.99        103    1206    770.3740     42.635 -135.066
1908          3 -0.003747 -0.000903  0.002323   241.66300   -292.25700  2199.99        103    1206    770.3740     42.635 -135.066
1911          3 -0.005774 -0.002119  0.013654   232.10600   -307.72500  2199.99        103    1206    770.3740     42.635 -135.066
1932          3 -0.116663 -0.096696  0.135566   126.90600   -764.02100  2199.95        103    1206    770.3740     42.635 -135.066
1995          3 -0.008913  0.000442  0.011895  2005.59000    318.74300  2199.68        103    1206    770.3740     42.635 -135.066
2003          3 -0.053949 -0.063545  0.124582  1920.62000     78.87100  2199.71        103    1206    770.3740     42.635 -135.066
2009          3 -0.050048 -0.057062  0.129258  1899.36000     94.90990  2199.72        103    1206    770.3740     42.635 -135.066
2044          3  0.008294  0.008390  0.021601  2066.55000  -3336.86000  2198.79        108    1206    165.3100      6.940 -178.113
2058          3 -0.004854 -0.011324  0.030815  -942.30400  -3888.61000  2198.74        108    1206    165.3100      6.940 -178.113
2169          3 -0.000042 -0.000722  0.006597  1028.23000  -1601.46000  2199.72        120    1206    583.6290     16.666   63.900
2206          3  0.000455  0.005373  0.011909  -698.80300   -298.48200  2199.95        120    1206    583.6290     16.666   63.900
2242          3 -0.000388  0.002299  0.004399   263.70300   -345.06200  2199.99        120    1206    583.6290     16.666   63.900
2243          3 -0.006450  0.000875  0.013438  -449.53600   -723.23600  2199.94        120    1206    583.6290     16.666   63.900
2264          3  0.003806 -0.000267  0.000806   807.66400   -587.50300  2199.92        120    1206    583.6290     16.666   63.900
2287          3  0.001505 -0.001871  0.006621   151.91000  -1624.81000  2199.79        120    1206    583.6290     16.666   63.900
2290          3 -0.000072  0.000073  0.000859    31.62060    -53.05560  2200.00        120    1206    583.6290     16.666   63.900
2291          3  0.010080  0.043800  0.054659    33.15040    -52.57510  2200.00        120    1206    583.6290     16.666   63.900
2319          3  0.002009 -0.000129  0.002681  -224.45900   -110.03700  2200.00        120    1206    583.6290     16.666   63.900
2370          3  0.001078  0.002538  0.002391  -350.44100  -2087.47000  2199.65        131    1206    595.2840     45.080   82.729
2391          3  0.009963  0.022010  0.019922   195.32700  -1154.06000  2199.89        131    1206    595.2840     45.080   82.729
2410          3 -0.012552  0.041969  0.013913 -2277.62000    528.28100  2199.57        131    1206    595.2840     45.080   82.729
2449          3  0.032176 -0.063184  0.092015  1180.99000    700.99700  2199.85        133    1206    207.4960     51.116  -78.627
2450          3 -0.003477 -0.001401  0.003000  2919.97000  -9412.67000  2192.38        133    1206    207.4960     51.116  -78.627
2471          3  0.006109 -0.006201  0.002420  2685.12000  -6760.40000  2195.85        138    1608    119.3870     21.543  -31.039
2475          3  0.007312 -0.038056  0.034961  2656.75000  -6819.22000  2195.80        138    1608    119.3870     21.543  -31.039
2531          3  0.000621  0.000177  0.000444   591.08700  -1445.43000  2199.81        154    1608    240.3240     30.090  -80.299
2532          3 -0.000017 -0.000596  0.001561   590.94000  -1445.51000  2199.81        154    1608    240.3240     30.090  -80.299
2533          3 -0.002092 -0.002361  0.017151   589.54300  -1445.31000  2199.81        154    1608    240.3240     30.090  -80.299
2597          3  0.000176  0.000257  0.000517 -1436.95000   1278.54000  2199.71        160    1608   1930.6100     49.024 -119.130
2598          3 -0.000442 -0.000976  0.001691 -1437.08000   1278.12000  2199.71        160    1608   1930.6100     49.024 -119.130
2643          3 -0.088624 -0.120374  0.163230    -3.13863    767.09200  2199.95        160    1608   1930.6100     49.024 -119.130
2693          3 -0.004677 -0.024270  0.024524   739.12100   -409.04400  2199.94        160    1608   1930.6100     49.024 -119.130
2698          3 -0.111009  0.011186  0.050950 -1555.27000    422.36000  2199.80        160    1608   1930.6100     49.024 -119.130
2716          3 -0.009462 -0.009230  0.014624  -444.95900   -377.26300  2199.97        160    1608   1930.6100     49.024 -119.130
2752          3 -0.002814 -0.006206  0.008660    28.57220   -206.13300  2200.00        160    1608   1930.6100     49.024 -119.130
2774          3  0.006866 -0.012620  0.016570   -65.37650   -307.32900  2199.99        160    1608   1930.6100     49.024 -119.130
2784          3 -0.009050 -0.008372  0.018206  1187.59000   2097.88000  2199.54        160    1608   1930.6100     49.024 -119.130
2802          3 -0.005100 -0.019522  0.016540   -59.09040   -413.14300  2199.99        160    1608   1930.6100     49.024 -119.130
2810          3  0.000671 -0.001431  0.001607   -53.46150   -416.36300  2199.99        160    1608   1930.6100     49.024 -119.130
2811          3 -0.083341 -0.155966  0.154346   -54.07600   -416.60700  2199.99        160    1608   1930.6100     49.024 -119.130
2825          3 -0.025311 -0.048292  0.057943   -39.65870   -400.08800  2199.99        160    1608   1930.6100     49.024 -119.130
2832          3 -0.011331 -0.017414  0.009728 -2656.86000  -4878.95000  2197.58        160    1608   1930.6100     49.024 -119.130
2836          3 -0.038251 -0.078843  0.067794  -448.68200   -618.87400  2199.95        160    1608   1930.6100     49.024 -119.130
2858          3 -0.011171 -0.007515  0.013132  -199.43000   -102.81200  2200.00        160    1608   1930.6100     49.024 -119.130
2867          3  0.000620 -0.000857  0.002837  -158.65300    -18.41630  2200.00        160    1608   1930.6100     49.024 -119.130
2873          3 -0.000527 -0.002884  0.003677  -222.27300    -93.53930  2200.00        160    1608   1930.6100     49.024 -119.130
2874          3 -0.000157 -0.000027  0.000311   713.59800     38.77490  2199.96        160    1608   1930.6100     49.024 -119.130
2976          3  0.002835  0.003712  0.003913 -1088.11000     69.54810  2199.91        165    1608    922.1230     26.690   63.958
3007          3  0.002391  0.008799  0.021818  -234.84100  -1037.79000  2199.91        165    1608    922.1230     26.690   63.958
3014          3  0.003033  0.011957  0.015891  -321.57300   -966.04900  2199.92        165    1608    922.1230     26.690   63.958
3028          3  0.043319  0.104330  0.255790  -280.96900   -989.58000  2199.92        165    1608    922.1230     26.690   63.958
3039          3 -0.000676  0.002152  0.010027 -1428.19000     65.57580  2199.84        165    1608    922.1230     26.690   63.958
3054          3 -0.002136  0.001634  0.003111   763.57800  -1183.59000  2199.84        165    1608    922.1230     26.690   63.958
3056          3  0.017132  0.016683  0.053460   773.05300  -1192.54000  2199.84        165    1608    922.1230     26.690   63.958
3065          3  0.001881  0.004359  0.027134   716.86000  -1221.10000  2199.84        165    1608    922.1230     26.690   63.958
3106          3 -0.000655 -0.004059  0.004771 -1921.55000  -1413.65000  2199.55        174    1608    634.1650     43.252  -48.010
3113          3  0.030152 -0.010868  0.011236  2285.78000   -573.96100  2199.56        174    1608    634.1650     43.252  -48.010
3118          3  0.008885 -0.006005  0.018523  1488.02000   -766.14700  2199.78        174    1608    634.1650     43.252  -48.010
3123          3  0.055863 -0.088858  0.045184  1571.67000   -885.64600  2199.74        174    1608    634.1650     43.252  -48.010
3128          3 -0.009851  0.042780  0.102051  1080.92000    -63.36940  2199.91        174    1608    634.1650     43.252  -48.010
3145          3  0.676820 -0.224091  0.335076  1314.15000   -641.37600  2199.83        176    1608    747.7790     66.939  -22.087
3166          3 -0.001014  0.000414  0.001693   -27.50900  -2458.92000  2199.53        179    1608    326.0160     28.578  137.195
3180          3 -0.011513  0.015487  0.032871    63.04780  -2208.63000  2199.62        179    1608    326.0160     28.578  137.195
3189          3 -0.000217  0.000989  0.002353   -40.50380  -2211.49000  2199.62        179    1608    326.0160     28.578  137.195
3209          3  0.003818  0.016854  0.008561   114.39600  -1151.82000  2199.89        179    1608    326.0160     28.578  137.195
3237          3 -0.002835  0.003582  0.006929   459.21200  -2535.13000  2199.48        182    1608    565.0380     43.047   97.532
3243          3 -0.000746  0.001037  0.000358 -2252.17000  -2417.45000  2199.14        182    1608    565.0380     43.047   97.532
3256          3  0.002955 -0.001613  0.003013  5060.21000  -6923.10000  2194.23        184    1608    152.3700     21.802   95.961
3267          3  0.004823  0.000996  0.006098 -3842.50000 -11145.50000  2189.10        191    1608    219.5120     46.132   44.347
3273          3  0.169315  0.700603  1.015370  -852.40400   1172.84000  2199.84        195    1608    256.0890     25.741   63.563
3297          3  0.002285  0.007510  0.058518  -984.35000  -4600.32000  2198.26        195    1608    256.0890     25.741   63.563
3309          3 -0.004450  0.003693  0.005845 -3186.85000  -1790.98000  2198.95        195    1608    256.0890     25.741   63.563
3337          3 -0.006053  0.017327  0.021731  9402.13000   -442.73200  2193.05        196    1608   2091.2800     51.698  141.357
3380          3 -0.008240 -0.000259  0.006661  -315.70100    -73.34670  2199.99        196    1608   2091.2800     51.698  141.357
3393          3  0.002544  0.000423  0.000009 -6334.57000 -10389.00000  2188.38        198    1608    142.0530     42.007   37.756
3415          3  0.002008 -0.000156  0.002474  5054.81000 -14527.20000  2181.44        205    1608     36.6276     20.429  179.727
3422          3  0.003732  0.001261  0.005170  4933.49000 -14553.00000  2181.48        205    1608     36.6276     20.429  179.727
3429          3  0.025744  0.006845  0.027914 -8355.18000  -2360.69000  2194.09        208    1608    135.6060     58.249    4.686
3432          3  0.003512  0.001964  0.003591 -8371.54000  -2331.95000  2194.08        208    1608    135.6060     58.249    4.686
3454          3 -0.010578  0.006914  0.014262 -1258.16000    828.06800  2199.82        209    1608    430.3580      3.104  -93.892
3481          3  0.000923 -0.001669  0.002529  -482.36200   1993.80000  2199.67        209    1608    430.3580      3.104  -93.892
3495          3  0.001825  0.000591  0.004222  -187.73300    171.56200  2199.99        209    1608    430.3580      3.104  -93.892
3502          3 -0.008456 -0.001022  0.065337  -199.93800    147.60000  2200.00        209    1608    430.3580      3.104  -93.892
3531          3 -0.011437  0.018752  0.069342   224.81100   -308.74100  2199.99        209    1608    430.3580      3.104  -93.892
3542          3 -0.002276 -0.002313  0.020489   344.09600  -1040.99000  2199.91        209    1608    430.3580      3.104  -93.892
3644          3  0.002416 -0.001516  0.008673  1212.26000  -1600.46000  2199.68        216    1608   2155.2200     43.786  -22.584
3690          3 -0.000073 -0.000167  0.000364 -2844.69000    338.73900  2199.36        216    1608   2155.2200     43.786  -22.584
3691          3  0.000647  0.000507  0.001637 -2844.53000    339.64100  2199.36        216    1608   2155.2200     43.786  -22.584
3732          3  0.032093 -0.021906  0.023749  3671.70000  -5197.68000  2196.82        216    1608   2155.2200     43.786  -22.584
3753          3  0.006092 -0.002688  0.005053   152.17800   -437.31400  2199.98        216    1608   2155.2200     43.786  -22.584
3775          3  0.005115 -0.007493  0.010369  -143.15700   -758.56600  2199.95        216    1608   2155.2200     43.786  -22.584
3791          3  0.208951 -0.097778  0.237329  -105.45500   -780.84500  2199.95        216    1608   2155.2200     43.786  -22.584
3801          3  0.001009  0.000473  0.002940  -815.22000    326.60800  2199.94        216    1608   2155.2200     43.786  -22.584
3812          3  0.016026 -0.008419  0.007892  -647.11500    376.40100  2199.96        216    1608   2155.2200     43.786  -22.584
3821          3  0.007828 -0.004542  0.000571  -717.45500    434.05200  2199.94        216    1608   2155.2200     43.786  -22.584
3827          3  0.051328 -0.022284  0.063360  -787.65600    391.22600  2199.94        216    1608   2155.2200     43.786  -22.584
3833          3  0.172860 -0.077610  0.217649  -786.63400    387.14700  2199.94        216    1608   2155.2200     43.786  -22.584
3924          3  0.000136 -0.000874  0.002330   993.09500    453.22700  2199.91        232    1608   1255.9900     30.789  -48.647
4003          3  0.016980 -0.013069  0.037649  -736.43700   -787.58600  2199.91        232    1608   1255.9900     30.789  -48.647
4017          3 -0.000300 -0.000399  0.000897  -442.17600  -1035.31000  2199.90        232    1608   1255.9900     30.789  -48.647
4021          3  0.000908 -0.001764  0.002463  -643.68500   -778.88300  2199.92        232    1608   1255.9900     30.789  -48.647
4033          3  0.000628 -0.000671  0.001536  -820.15400   -795.61600  2199.90        232    1608   1255.9900     30.789  -48.647
4034          3  0.018191 -0.027938  0.076927  -808.86600   -796.85400  2199.90        232    1608   1255.9900     30.789  -48.647
4072          3 -0.000079  0.000372  0.002071 -1316.17000   1963.17000  2199.56        232    1608   1255.9900     30.789  -48.647
4076          3  0.036734 -0.028420  0.147201 -1300.18000   1969.23000  2199.56        232    1608   1255.9900     30.789  -48.647
4090          3  0.000051 -0.000036  0.000237  -358.89300   -470.51200  2199.97        232    1608   1255.9900     30.789  -48.647
4091          3 -0.000013 -0.000574  0.000639  -358.90600   -470.52900  2199.97        232    1608   1255.9900     30.789  -48.647
4108          3 -0.004166 -0.003643  0.018488 -1888.06000    -33.48520  2199.72        232    1608   1255.9900     30.789  -48.647
4124          3  0.020272 -0.015684  0.046416   835.70600   -179.72900  2199.94        232    1608   1255.9900     30.789  -48.647
4140          3  0.031260 -0.014000  0.042247   855.76100   -160.76600  2199.94        232    1608   1255.9900     30.789  -48.647
4150          3 -0.000390 -0.000013  0.000623   834.34800   -188.08500  2199.94        232    1608   1255.9900     30.789  -48.647
4155          3 -0.000538 -0.006210  0.015332   799.96800   -178.76100  2199.95        232    1608   1255.9900     30.789  -48.647
4267          3  0.003375 -0.008682  0.005498 -6005.11000  -1730.39000  2196.94        243    2412    704.5720     57.764  -45.750
4271          3  0.000443 -0.000917  0.001456 -7774.54000   3151.40000  2194.48        243    2412    704.5720     57.764  -45.750
4300          3  0.003610  0.004816  0.004528  1656.95000  -5826.47000  2197.12        247    2412    249.9410     24.389  174.746
4316          3  0.006070 -0.003454  0.002806  1275.34000  -2016.89000  2199.55        248    2412   2555.3200     64.148  -37.065
4323          3  0.048698 -0.042882  0.029434  1275.65000  -2036.66000  2199.55        248    2412   2555.3200     64.148  -37.065
4326          3  0.815262 -0.719764  0.491629  1275.60000  -2036.64000  2199.55        248    2412   2555.3200     64.148  -37.065
4339          3  0.001954 -0.000385  0.000501 -1398.29000   -625.50600  2199.82        248    2412   2555.3200     64.148  -37.065
4358          3 -0.001534  0.000543  0.001219 -1670.66000   -540.79900  2199.76        248    2412   2555.3200     64.148  -37.065
4392          3 -0.000285 -0.000333  0.001390 -6153.44000   4333.18000  2195.56        248    2412   2555.3200     64.148  -37.065
4439          3  0.008821 -0.009149  0.011105 -2834.37000   1893.97000  2199.09        255    2412   4798.0800     55.862  -39.458
4447          3  0.004319  0.000727  0.003489 -2813.79000   1904.98000  2199.09        255    2412   4798.0800     55.862  -39.458
4474          3  0.002356  0.001325  0.001588 -2793.19000   1973.82000  2199.08        255    2412   4798.0800     55.862  -39.458
4475          3 -0.000198  0.000768  0.001695 -2808.86000   1970.35000  2199.08        255    2412   4798.0800     55.862  -39.458
4476          3 -0.000511 -0.000789  0.000986 -2802.80000   1952.12000  2199.08        255    2412   4798.0800     55.862  -39.458
4496          3  0.029989 -0.021636  0.034266   703.42200  -1213.32000  2199.85        255    2412   4798.0800     55.862  -39.458
4505          3  0.050168 -0.036680  0.048178   727.13200  -1221.28000  2199.84        255    2412   4798.0800     55.862  -39.458
4532          3  0.004689 -0.004449  0.009994   733.32000  -1196.38000  2199.85        255    2412   4798.0800     55.862  -39.458
4540          3  0.023119 -0.017678  0.018695   730.59400  -1237.49000  2199.84        255    2412   4798.0800     55.862  -39.458
4545          3  0.011036 -0.001835  0.003926   771.27900  -1222.52000  2199.84        255    2412   4798.0800     55.862  -39.458
4548          3  0.001395 -0.001557  0.004177   736.38500  -1225.34000  2199.84        255    2412   4798.0800     55.862  -39.458
4610          3  0.021889 -0.009877  0.007401  1089.01000   -846.95100  2199.85        255    2412   4798.0800     55.862  -39.458
4633          3  0.061358 -0.044133  0.058564  1066.28000   -979.03900  2199.84        255    2412   4798.0800     55.862  -39.458
4638          3  0.002573 -0.004406  0.003236   451.85800    569.28300  2199.96        255    2412   4798.0800     55.862  -39.458
4657          3  0.020299 -0.002227  0.011468  3232.52000  -1338.74000  2199.04        255    2412   4798.0800     55.862  -39.458
4748          3  0.002584 -0.001322  0.005508  1766.57000   -747.28800  2199.71        255    2412   4798.0800     55.862  -39.458
4766          3  0.005781 -0.007337  0.002731  1726.24000   -659.59100  2199.73        255    2412   4798.0800     55.862  -39.458
4777          3  0.000027 -0.001513  0.002414  1643.42000   -588.40600  2199.76        255    2412   4798.0800     55.862  -39.458
4799          3 -0.015488  0.018316  0.025951  4520.59000  -8239.70000  2193.07        258    2412    480.6780     59.287  128.310
4856          3  0.003973 -0.002275  0.028923  1200.73000  -3011.13000  2199.18        260    2412    521.5090     16.194   53.139
4895          3  0.002027  0.001690  0.009717   253.35400   -244.04100  2199.99        265    2412   1944.5000     25.659   28.197
4923          3  0.033706  0.018175  0.112195   153.98500   -338.96000  2199.99        265    2412   1944.5000     25.659   28.197
4936          3  0.062398  0.006621  0.089862 -5073.10000  -3643.57000  2196.94        265    2412   1944.5000     25.659   28.197
4948          3  0.042017  0.026230  0.096708 -1480.10000    126.57700  2199.83        265    2412   1944.5000     25.659   28.197
4953          3  0.000451  0.001473  0.003260     1.98269   -496.98700  2199.98        265    2412   1944.5000     25.659   28.197
4969          3  0.002053 -0.002293  0.005319  -323.26100   -321.66400  2199.98        265    2412   1944.5000     25.659   28.197
5054          3  0.001225  0.002457  0.002717  -859.76400   -389.05900  2199.93        265    2412   1944.5000     25.659   28.197
5063          3  0.000664 -0.000148  0.000208  -886.98000   -412.60100  2199.92        265    2412   1944.5000     25.659   28.197
5074          3  0.113448  0.088151  0.383878  -891.26100   -410.04900  2199.92        265    2412   1944.5000     25.659   28.197
5138          3  0.002067  0.004843  0.010139   229.53500   -353.75700  2199.99        265    2412   1944.5000     25.659   28.197
5142          3 -0.001701  0.000318  0.001207 -1090.38000   2762.28000  2199.31        265    2412   1944.5000     25.659   28.197
5159          3 -0.000908  0.009969  0.010166   553.35200    375.02700  2199.96        265    2412   1944.5000     25.659   28.197
5211          3  0.000894  0.000149  0.002921   320.13400    131.83400  2199.99        265    2412   1944.5000     25.659   28.197
5220          3 -0.001548 -0.002794  0.000820  1909.14000  -3084.91000  2198.97        265    2412   1944.5000     25.659   28.197
5228          3  0.016527  0.016857  0.048282  -196.73500     -5.98673  2200.00        265    2412   1944.5000     25.659   28.197
5241          3  0.022918  0.016430  0.047790    -6.61758     85.14210  2200.00        265    2412   1944.5000     25.659   28.197
5243          3  0.050202  0.019259  0.079892     3.49536     88.48910  2200.00        265    2412   1944.5000     25.659   28.197

