Tabla para CorsikaId 13:
      CorsikaId        px        py         pz             x             y          z  shower_id  prm_id  prm_energy  prm_theta  prm_phi
0            13  0.066284  0.078115   0.504795   21745.50000   -9874.07000   2155.250          1     703    100.2770     64.034 -171.110
1            13  0.099091 -0.148471   0.397429   -1984.00000   -5711.65000   2197.130          2     703    214.0730     48.577  -14.098
10           13  0.195655  0.027596   0.350979    9394.42000    -578.01400   2193.050          3     703    180.0230     51.574  173.528
13           13  0.109558  0.011796   0.357479   -3401.22000     201.10500   2199.090          4     703     37.6483     44.165  -43.167
44           13 -0.027434 -0.120066   0.523274     889.30800    -822.45300   2199.880          5     703    227.9390     26.090  169.614
60           13 -0.391950  0.194049   0.881811      -5.28578     323.14900   2199.990          5     703    227.9390     26.090  169.614
114          13 -0.036746  0.030393   0.360412    1225.62000   -2954.81000   2199.200          8     703     62.3915     32.371  126.726
121          13 -0.227431 -0.343290   0.603440  -10505.80000  -18382.60000   2164.830         13     703     15.8377     22.577  -27.781
122          13  0.117750  0.494057   1.456660   -3660.74000  -22294.80000   2159.950         14     703     13.3921     37.279   83.284
136          13 -0.251956  0.180758   0.458070    -773.23200   -8750.28000   2193.950         18    1206     38.4794      6.835  118.091
144          13  0.188592  0.307976   0.560605    3968.91000    1334.79000   2198.620         22    1206    194.9910     19.654  129.310
155          13  0.452526 -0.811298   1.464210    2370.68000   -9539.93000   2192.420         25    1206     54.6857     30.630  -78.221
156          13  0.049270 -0.237552   0.302721    6997.73000  -28920.70000   2130.540         26    1206     35.3224     41.640  118.012
157          13  0.180396 -0.201368   0.491350  -44594.80000   17795.10000   2019.140         27    1206    281.8170     69.843  -25.579
186          13  0.007783 -0.136092   0.470855    6507.52000  -10272.20000   2188.400         33    1206     64.0084     12.966 -159.635
187          13 -0.051183 -0.285236   0.385916    -598.76200   -3213.93000   2199.160         33    1206     64.0084     12.966 -159.635
190          13 -0.050173  0.145732   0.318040    3203.08000   -4387.73000   2197.680         36    1206     49.8028     19.230  113.627
194          13  0.117169 -0.178614   0.712427    -215.10300   -5907.45000   2197.260         37    1206     90.0717     26.546  165.913
195          13 -0.306299  0.033787   0.391316     106.93400   -3535.86000   2199.020         38    1206    103.2820     24.470  122.233
200          13 -0.236316  0.089836   0.438334    1896.98000   -5352.28000   2197.470         39    1206     58.5675      8.276 -108.664
219          13 -0.299923 -0.599006   0.475375    -257.26100   -6255.98000   2196.920         40    1206    121.2740     34.533 -125.392
225          13  0.237544 -0.153649   0.432237      34.26110   -5531.14000   2197.600         42    1206     79.7072     25.800   93.023
226          13  0.257393  0.065586   0.410626      48.60140   -5435.52000   2197.680         42    1206     79.7072     25.800   93.023
227          13 -0.192587 -0.069877   0.302932   -3041.44000   -6624.05000   2195.830         42    1206     79.7072     25.800   93.023
331          13 -0.105755 -0.246330   1.254630    -200.60400   -1654.03000   2199.780         44    1206    243.1040      5.162 -124.563
342          13 -0.188714  0.321635   0.564163   -4199.39000   -1861.52000   2198.340         46    1206    103.3080     17.280   31.552
350          13  0.029969 -0.070865   0.913365    -963.72600   -3464.42000   2198.990         46    1206    103.3080     17.280   31.552
362          13  0.715882  0.524631   0.812617    1770.67000   -1947.21000   2199.460         46    1206    103.3080     17.280   31.552
389          13 -0.340690 -0.387288   0.083429     655.49600   -5299.72000   2197.760         47    1206    119.2090     35.372 -136.987
394          13 -0.070361  0.190215   0.310569    1156.07000   -2303.94000   2199.480         47    1206    119.2090     35.372 -136.987
412          13  0.246547 -0.088112   0.653906     729.32200   -9619.01000   2192.700         49    1206    131.2620     36.911   73.587
413          13 -0.009808 -0.138052   0.522870    1226.46000   -7650.40000   2195.290         50    1206     55.6678     12.845  -28.387
414          13  0.172909  0.355191   0.326897    2215.99000   -1762.70000   2199.370         51    1206     68.5405      8.560  162.928
416          13 -0.024163 -0.276342   0.154267     -82.92690   -5976.90000   2197.200         51    1206     68.5405      8.560  162.928
419          13 -0.112406  0.007079   0.370654  -13349.00000    6050.54000   2183.150         52    1206    186.6090     50.686  -40.289
423          13 -0.203718  0.274775   0.558837    -780.84300   -2545.52000   2199.440         54    1206    110.8310     28.420 -153.190
424          13  0.091859 -0.353049   0.454707   -1138.08000   -5326.23000   2197.670         54    1206    110.8310     28.420 -153.190
425          13 -0.023927  0.075249   0.418152    -485.87300      21.41410   2199.980         54    1206    110.8310     28.420 -153.190
429          13  0.208551  0.070929   0.299637   -2596.34000     562.13700   2199.450         55    1206    349.1450     43.015   35.283
505          13  0.232836  0.008802   0.403277     379.43400   -1685.32000   2199.770         60    1206    259.4520     35.023   40.725
508          13 -0.112040 -0.054744   0.286400   -5812.80000  -22073.90000   2159.120         63    1206     17.9014     38.464   18.245
510          13 -0.305234  0.167632   0.350632    -692.62100    -863.33000   2199.900         64    1206    429.5540     30.718  141.373
512          13  0.025848  0.348932   0.572758     575.36800    -454.05500   2199.960         64    1206    429.5540     30.718  141.373
543          13 -0.384182  0.019006   0.419164    -663.92700    -989.38800   2199.890         64    1206    429.5540     30.718  141.373
569          13 -0.550775  0.148392   0.953729    1133.54000  -12434.60000   2187.770         65    1206    126.5510     49.036  122.209
575          13  0.007124  0.149763   0.427726   32133.10000  -69620.00000   1738.740         68    1206     24.0736     63.184  136.952
576          13  0.151232  0.031116   0.387241   10876.00000  -15766.80000   2171.220         69    1206     60.9824     47.217  140.150
578          13  0.532751  0.129657   0.774890   -8983.35000  -13694.40000   2178.960         70    1206     29.6157     45.794   20.843
579          13 -0.236268 -0.107568   0.333628    -365.66300  -10893.30000   2190.680         71    1206     71.7977     46.592 -121.806
580          13 -0.018854  0.025127   0.496030   11237.50000   -4338.77000   2188.620         72    1206    197.5150     27.878  141.033
635          13  0.180495  0.271953   0.200837     -13.30200   -5554.64000   2197.580         73    1206    573.7340     41.670   43.474
656          13  0.140308  0.583878   0.230147     545.05100    4632.60000   2198.290         73    1206    573.7340     41.670   43.474
676          13  0.034894 -0.291884   0.173357     291.39000   -3205.50000   2199.190         73    1206    573.7340     41.670   43.474
679          13  0.238470 -0.111425   0.197480     240.62900   -2249.99000   2199.600         73    1206    573.7340     41.670   43.474
690          13 -0.004697  0.275449   0.210905   -4453.46000   -3409.99000   2197.530         73    1206    573.7340     41.670   43.474
691          13 -0.264756 -0.245325   0.352900   -4603.98000   -3823.77000   2197.190         73    1206    573.7340     41.670   43.474
697          13  0.424989  0.108666   0.713708     -90.00120   -3424.69000   2199.080         73    1206    573.7340     41.670   43.474
700          13 -0.278316  0.318495   0.339808   -3479.38000    -964.28300   2198.980         73    1206    573.7340     41.670   43.474
701          13  0.815785  0.210753   1.026890    -300.61500   -2493.90000   2199.500         73    1206    573.7340     41.670   43.474
720          13 -0.154257  0.220850   0.372773   -5274.10000    -725.51200   2197.780         73    1206    573.7340     41.670   43.474
729          13  0.154850  0.153209   0.385103    2189.93000   -3258.41000   2198.790         76    1206     87.7014     23.621  -50.669
995          13 -0.305754 -1.279080   1.272720    1071.53000    -831.70300   2199.860         77    1206   4245.4700     42.367 -114.469
1044         13 -0.307630 -0.049574   0.350644     340.65500    1338.13000   2199.850         77    1206   4245.4700     42.367 -114.469
1119         13 -0.742838 -0.446149   1.070540   -1000.44000     679.12500   2199.890         77    1206   4245.4700     42.367 -114.469
1207         13 -0.123896  0.122079   0.280792    -173.62600     497.27600   2199.980         77    1206   4245.4700     42.367 -114.469
1244         13 -0.024735 -0.161127   0.527222     921.16100    1285.42000   2199.800         77    1206   4245.4700     42.367 -114.469
1245         13  0.234439 -0.135208   0.301755    1904.09000     869.55300   2199.660         77    1206   4245.4700     42.367 -114.469
1266         13 -1.488780 -4.554310   5.025820    -128.20800    -232.58000   2199.990         77    1206   4245.4700     42.367 -114.469
1374         13 -0.025129 -0.204225   0.330196   -2783.06000    2785.77000   2198.780         77    1206   4245.4700     42.367 -114.469
1404         13 -0.107443 -0.242380   0.333909   -2518.55000       6.58768   2199.500         77    1206   4245.4700     42.367 -114.469
1689         13 -0.028665 -0.130292   0.908292   -1494.29000   -8526.52000   2194.120         80    1206    115.5860      3.555   -0.462
1722         13 -0.169521  0.104708   0.273921    -325.72500   -6217.05000   2196.960         86    1206     43.8420     10.482   21.244
1729         13 -0.072599 -0.331371   0.464861    5348.62000   -4673.21000   2196.040         90    1206    141.8440     33.536 -160.779
1730         13  0.102931 -0.454551   0.948206    8138.74000   -2633.82000   2194.260         90    1206    141.8440     33.536 -160.779
1743         13  0.084247 -0.184609   0.380228    2765.24000  -10763.60000   2190.310         93    1206     21.3286     14.315 -127.413
1791         13 -0.195823 -0.096789   0.494533   -2567.76000   -7183.85000   2195.430         96    1206    262.9110     15.553   82.536
1828         13 -0.068150  0.227600   0.535745   -7340.94000  -15661.40000   2176.530         99    1206     24.1309     29.515   26.174
1829         13  0.160434 -0.221203   0.246598   -7091.17000   -9527.88000   2188.930        100    1206    160.0120     59.019   -5.654
1845         13 -0.177120  0.013778   0.292439    2468.57000     961.35100   2199.450        103    1206    770.3740     42.635 -135.066
1847         13  0.033879 -0.209996   0.410350    -651.58200   -1552.41000   2199.780        103    1206    770.3740     42.635 -135.066
1855         13 -0.424828  0.487539   0.273201    3678.88000    2801.76000   2198.320        103    1206    770.3740     42.635 -135.066
1874         13 -0.182560 -0.633538   1.548430    3345.28000    2592.33000   2198.590        103    1206    770.3740     42.635 -135.066
1885         13 -0.089134 -0.277327   0.160653     632.14600    -889.28400   2199.910        103    1206    770.3740     42.635 -135.066
1917         13 -0.086143  0.019678   0.534452     598.19000    -225.52400   2199.970        103    1206    770.3740     42.635 -135.066
1950         13 -0.000640  0.247482   0.757485     848.31500      56.16880   2199.940        103    1206    770.3740     42.635 -135.066
1961         13 -0.053973 -0.512120   0.644617    1533.80000    -601.61500   2199.790        103    1206    770.3740     42.635 -135.066
2031         13 -0.022869 -0.030353   0.449664   -7118.61000   -9137.55000   2189.470        104    1206     55.0901     31.812   32.886
2041         13  0.304613 -0.087810   0.539991    1688.80000   -2457.09000   2199.300        108    1206    165.3100      6.940 -178.113
2062         13 -0.149854  0.050534   0.488512   -1993.90000   -1775.09000   2199.440        108    1206    165.3100      6.940 -178.113
2086         13  0.244683  0.196671   0.151477   -1202.06000   -3301.89000   2199.030        110    1206    383.7660     54.257   17.872
2090         13  0.213667  0.075573   0.223067  -11754.90000   -2466.20000   2188.680        110    1206    383.7660     54.257   17.872
2094         13 -0.064058 -0.145645   0.295718    2631.51000   -3060.08000   2198.720        114    1206     74.9166     32.699  -67.108
2123         13 -0.106993 -0.052035   0.431903   -5551.00000   -9651.62000   2190.270        115    1206    175.1080     25.447   72.199
2136         13  0.329184  0.294215   0.403043    2287.72000      65.29720   2199.590        115    1206    175.1080     25.447   72.199
2139         13 -0.172964  0.261508   0.288710   -1320.49000   -3402.78000   2198.950        115    1206    175.1080     25.447   72.199
2146         13  0.122787  0.407031   0.647790    2023.09000    1518.56000   2199.500        115    1206    175.1080     25.447   72.199
2148         13  0.322685 -0.091416   0.626080      27.50500   -3788.88000   2198.870        117    1206    127.2990     32.873  -21.515
2149         13  0.444101 -0.104307   0.833534      38.53140   -3777.37000   2198.880        117    1206    127.2990     32.873  -21.515
2257         13  0.155472  0.037806   0.460044     176.69900    -710.27700   2199.960        120    1206    583.6290     16.666   63.900
2258         13 -0.374030 -0.087591   0.487783    -580.02000    -798.84100   2199.920        120    1206    583.6290     16.666   63.900
2260         13  0.667349  0.907672   3.515400    -279.46600    -488.14200   2199.980        120    1206    583.6290     16.666   63.900
2272         13  0.197659 -0.023000   0.624272    1904.98000   -4021.15000   2198.450        120    1206    583.6290     16.666   63.900
2312         13  0.061211 -0.169280   0.388498     545.51600    -511.56900   2199.960        120    1206    583.6290     16.666   63.900
2322         13  0.061356 -0.312331   0.371971   12201.30000  -38370.40000   2072.820        122    1206     26.4576     40.090  108.026
2323         13 -0.027515  0.084981   0.574371    6423.38000  -15378.50000   2178.210        123    1206     53.8779     50.363  128.392
2344         13 -1.211160  0.053485   2.468980      -4.47614  -11383.30000   2189.830        125    1206     35.3797     25.487  177.989
2345         13  0.012940 -0.330723   0.400043     -67.31630  -27372.20000   2141.220        126    1206     36.2759     53.801 -168.206
2347         13 -0.281892  0.231794   0.309239   -9842.45000   -7522.44000   2187.960        128    1206     33.3601     35.507   -7.438
2364         13 -0.224985  0.245121   0.308265   -2215.81000   -3492.73000   2198.660        131    1206    595.2840     45.080   82.729
2393         13  0.323354 -0.103598   0.147635    1106.64000   -5765.50000   2197.300        131    1206    595.2840     45.080   82.729
2433         13  0.236204 -0.191470   0.368934    1262.10000   -3303.75000   2199.020        132    1206    109.8600     11.949  -53.434
2439         13 -0.088107 -0.040428   0.529032     716.54500   -2515.68000   2199.460        132    1206    109.8600     11.949  -53.434
2461         13  0.016592  0.236467   0.582566   -1344.26000   -8309.48000   2194.440        136    1608    131.8630     39.853   91.342
2462         13 -0.108392  0.008755   0.326901   -3490.28000   -6407.75000   2195.820        137    1608    137.9510     34.622   67.657
2463         13  0.168087  0.150576   0.225047    -154.76600   -5959.61000   2197.210        137    1608    137.9510     34.622   67.657
2465         13  0.158653 -0.234574   0.357714   -8177.85000   -7999.41000   2189.730        138    1608    119.3870     21.543  -31.039
2489         13  0.193178 -0.127893   0.351919      33.75760  -14460.10000   2183.600        143    1608     35.8434     21.377   22.922
2490         13  1.118110  0.316824   1.647060   -9125.13000   -4276.69000   2192.030        144    1608     59.8743     44.395   17.245
2500         13  0.213353 -0.201692   0.141389    -720.46100  -10353.30000   2191.550        145    1608     64.7159     24.247  137.227
2508         13  0.483896 -0.184013   0.728470   -1544.95000    -374.04200   2199.800        146    1608    345.0220     40.849  -42.145
2510         13 -0.041180 -0.476632   0.311975     506.29400  -16254.30000   2179.250        147    1608     38.7569     22.197  -81.740
2511         13  0.081708  0.125767   0.565839    6982.18000  -20184.70000   2164.210        148    1608     57.1323     40.877  141.549
2513         13 -0.397115 -0.231841   0.572688   -1229.58000   -4492.35000   2198.300        149    1608    138.5630     32.976 -153.530
2524         13  0.330935  0.163755   0.867159    -965.58100   -2360.78000   2199.490        153    1608    128.5150     18.435   24.770
2525         13  0.760649  0.707432   5.605280   -2794.76000   -2238.39000   2198.990        153    1608    128.5150     18.435   24.770
2535         13  0.065766 -0.036297   0.661939    2752.44000    7332.18000   2195.190        154    1608    240.3240     30.090  -80.299
2542         13  0.117386 -0.223343   0.300115    3296.66000   -3107.62000   2198.390        154    1608    240.3240     30.090  -80.299
2544         13 -0.045518  0.112103   0.289953    3526.90000   -6683.32000   2195.520        155    1608    143.0460     38.410 -151.083
2545         13  0.117145  0.243488   0.521736    1245.25000   -6479.37000   2196.580        156    1608     44.5024      2.468   88.468
2546         13 -0.339285  0.117117   0.154513   37251.40000  -84915.60000   1525.430        157    1608     47.8742     68.667  120.880
2547         13 -0.488623  0.180833   0.577177    1672.82000  -10605.70000   2190.960        158    1608    183.7950     51.275  131.797
2550         13 -0.333900  0.159193   1.022110    5580.82000  -11430.90000   2187.310        159    1608    113.3320     43.291  146.223
2614         13 -0.358104 -0.171356   0.528753     399.82900    4539.38000   2198.370        160    1608   1930.6100     49.024 -119.130
2626         13 -0.118742 -0.151765   0.466701    -181.60700   -6174.44000   2197.010        160    1608   1930.6100     49.024 -119.130
2680         13  0.092826 -0.160162   0.278509    -440.64200    1287.00000   2199.850        160    1608   1930.6100     49.024 -119.130
2703         13 -0.058929 -0.980609   0.823079     418.98000    -637.53800   2199.950        160    1608   1930.6100     49.024 -119.130
2704         13 -0.129831 -0.203668   0.297619      17.23280    -527.04600   2199.980        160    1608   1930.6100     49.024 -119.130
2918         13 -0.377414 -0.054083   0.300971   -8187.54000  -14885.70000   2177.360        161    1608     27.7323     34.339   42.673
2920         13 -0.381559 -0.141789   0.156337  -34853.20000  -57467.20000   1845.620        163    1608     32.0838     59.853   60.844
2921         13 -0.020519 -0.016221   0.438289   -5662.84000   -8660.96000   2191.600        164    1608     92.2275     41.278   25.992
2957         13  0.216746  0.184973   0.252766    2983.25000   -1282.08000   2199.170        165    1608    922.1230     26.690   63.958
3046         13  0.161029 -0.177703   0.293497    2561.05000   -4205.38000   2198.100        165    1608    922.1230     26.690   63.958
3079         13  0.035093  0.035203   0.405286    3609.64000  -14262.60000   2183.020        167    1608     85.3960     40.810  129.047
3081         13 -0.000594  0.303178   1.135590   30086.20000  -82458.90000   1595.540        169    1608     84.7628     67.349  115.318
3082         13 -0.064292 -0.115060   0.295316   -2520.35000   -5100.24000   2197.460        170    1608    185.8240     15.286   46.413
3085         13 -0.103117  0.241917   0.418610     -22.65920  -19426.80000   2170.390        172    1608     66.2470     45.223  116.846
3086         13 -0.081713  0.143993   0.498243   -5199.90000   -3322.44000   2197.010        173    1608    103.6750     24.924   -5.167
3101         13  0.392276 -0.157127   0.498668    3825.89000     933.94800   2198.780        174    1608    634.1650     43.252  -48.010
3130         13  0.844059 -0.506905   1.175790    1371.19000    -386.84300   2199.840        174    1608    634.1650     43.252  -48.010
3138         13  0.225652  0.014348   0.273607  -43547.80000   15235.20000   2033.020        176    1608    747.7790     66.939  -22.087
3148         13  0.128382 -0.047152   0.798102    2658.76000   -4652.52000   2197.750        178    1608     88.1943     14.617 -133.067
3149         13 -0.124257 -0.289983   0.283719    1310.27000   -6290.03000   2196.760        178    1608     88.1943     14.617 -133.067
3155         13  0.390453 -0.216040   0.487350    1312.33000   -5352.64000   2197.620        178    1608     88.1943     14.617 -133.067
3157         13  0.624881  0.213670   0.229425    8216.28000    -703.94500   2194.670        179    1608    326.0160     28.578  137.195
3197         13 -0.214738  0.375507   0.133490    -471.10500   -1778.67000   2199.730        179    1608    326.0160     28.578  137.195
3198         13  0.190120 -0.159351   0.200821      13.77100   -2386.57000   2199.550        179    1608    326.0160     28.578  137.195
3199         13 -0.077801  0.127574   0.367062    -167.13200   -2223.82000   2199.610        179    1608    326.0160     28.578  137.195
3217         13  0.019710 -0.266827   0.177199   -6056.69000  -11280.20000   2187.140        180    1608    321.5060     41.441   43.344
3222         13  0.297609  0.014997   0.441387    7948.87000   -3245.86000   2194.220        181    1608     55.2973     23.408  -21.580
3223         13  0.230502 -0.070783   0.265031   -6220.32000  -11034.20000   2187.410        182    1608    565.0380     43.047   97.532
3258         13 -0.061984 -0.278275   0.385638   -3142.02000  -11634.20000   2188.610        185    1608     66.2423      5.692  -43.517
3261         13  0.117958 -0.304938   0.378480   -5967.42000  -18793.80000   2169.500        188    1608     44.7591     33.130   61.322
3265         13  0.116878  0.268721   0.177559   -6849.26000   -7291.66000   2192.150        191    1608    219.5120     46.132   44.347
3270         13 -0.257366 -0.666402   1.245630  -10944.30000  -13000.00000   2177.350        194    1608     83.9691     34.442  -35.277
3278         13  0.139089 -0.043805   0.294986   -1036.81000   -3169.56000   2199.130        195    1608    256.0890     25.741   63.563
3279         13  0.417234  0.218668   0.532544    -266.10600   -1818.45000   2199.740        195    1608    256.0890     25.741   63.563
3286         13 -0.118470  0.221985   0.390682   -4677.20000   -5055.62000   2196.280        195    1608    256.0890     25.741   63.563
3287         13 -0.269253  0.015427   0.366846   -5151.92000   -5472.03000   2195.570        195    1608    256.0890     25.741   63.563
3310         13  0.168199  0.198753   0.569552     937.07400   -2149.56000   2199.570        195    1608    256.0890     25.741   63.563
3390         13  0.194623 -0.065860   0.803003   -1618.35000   -7327.98000   2195.580        197    1608     65.7639     19.478   37.844
3394         13  0.151087 -0.039471   0.662585   -5225.28000   -7329.29000   2193.640        198    1608    142.0530     42.007   37.756
3401         13  0.101525 -0.134255   0.555857   10070.30000  -19533.10000   2162.110        200    1608    287.3100     58.591  146.519
3424         13  0.069571  0.176578   0.451245   24564.30000  -17310.70000   2129.150        206    1608    110.3730     62.537  154.812
3438         13  0.165282 -0.374931   0.140156   -6551.37000  -14133.30000   2180.960        209    1608    430.3580      3.104  -93.892
3439         13  0.385301  0.106895   0.140039   -1187.88000    -417.06100   2199.880        209    1608    430.3580      3.104  -93.892
3506         13 -0.219777 -0.295094   0.322884    1758.49000   -2686.38000   2199.190        209    1608    430.3580      3.104  -93.892
3509         13 -0.038651  0.199152   0.332019    -492.59800     352.73300   2199.970        209    1608    430.3580      3.104  -93.892
3515         13  0.033812  0.047835   0.865166      -5.61594    -938.09200   2199.930        209    1608    430.3580      3.104  -93.892
3524         13  0.143073  0.056996   1.146920      14.55200    -939.40900   2199.930        209    1608    430.3580      3.104  -93.892
3525         13  0.201504  0.120131   2.977090       1.11823    -941.60900   2199.930        209    1608    430.3580      3.104  -93.892
3586         13  0.088996  0.177326   0.259367     160.53500    5976.93000   2197.200        209    1608    430.3580      3.104  -93.892
3588         13 -0.067720 -0.249132   1.684050   -1166.07000   -3587.28000   2198.880        210    1608    176.8410      2.588 -104.212
3591         13  0.082102  0.215721   0.841270     308.82000   -1904.66000   2199.710        210    1608    176.8410      2.588 -104.212
3594         13 -0.272698  0.206972   0.250970   -4992.75000   -2136.89000   2197.690        210    1608    176.8410      2.588 -104.212
3601         13  0.119680  0.132087   0.690105   -1103.86000     -98.53230   2199.900        211    1608    245.5330     17.907    3.180
3605         13  0.419046 -0.208750   0.456658   -3697.39000   -2281.23000   2198.520        211    1608    245.5330     17.907    3.180
3609         13  0.003921 -0.035864   0.399401    8693.96000  -13065.40000   2180.680        214    1608    114.9670     51.486  168.315
3619         13 -0.034327  0.200658   0.375248    3291.44000   -1574.64000   2198.960        215    1608    130.3790      8.203  147.999
3623         13 -0.150781 -0.147134   0.388783     715.38300   -3011.86000   2199.250        215    1608    130.3790      8.203  147.999
3630         13  0.275981  0.115664   0.333068     -96.63390    1410.76000   2199.840        216    1608   2155.2200     43.786  -22.584
3647         13 -0.211313  0.218975   0.352333   -4488.30000    1820.64000   2198.160        216    1608   2155.2200     43.786  -22.584
3881         13  0.199395 -0.173249   0.179004     633.82000   -5917.06000   2197.220        221    1608     73.6207     15.488   66.665
3887         13  0.164605 -0.288323   0.319030   -2477.28000   -8724.44000   2193.550        222    1608    114.7760     22.410   59.562
3889         13  0.271180 -0.075998   0.271085  -18493.80000   -5336.79000   2170.930        224    1608    114.7480     60.059   18.525
3896         13 -0.156578 -0.133416   0.381039    3795.72000  -15039.90000   2181.120        226    1608     34.3381     24.426  175.146
3897         13  0.196753 -0.121145   0.252379    4402.75000  -15078.10000   2180.640        226    1608     34.3381     24.426  175.146
3899         13  0.116072 -0.204917   0.337029    -247.59400  -11038.20000   2190.440        228    1608     51.6002     43.546  -98.989
3903         13 -0.041481  0.044285   0.335177    -219.75500  -11861.50000   2188.960        230    1608     38.0091     16.007    7.785
3909         13 -0.252721  0.103997   0.302165  -12158.80000    3524.62000   2187.430        231    1608    481.2060     46.728  -17.411
4086         13  0.303561 -0.044300   0.196632    1280.83000    -438.89900   2199.860        232    1608   1255.9900     30.789  -48.647
4098         13  0.238287  0.054851   0.453540     423.29500     763.19900   2199.940        232    1608   1255.9900     30.789  -48.647
4189         13  0.549162 -0.270847   1.477800     142.98000     405.08100   2199.990        232    1608   1255.9900     30.789  -48.647
4191         13  0.110808  0.043959   0.428539    7887.77000   -9178.49000   2188.510        233    1608    221.2310     48.615  119.330
4192         13  0.004508  0.190145   0.393015   -9095.39000    2852.66000   2192.870        234    1608    460.3480     55.338  -58.286
4196         13  0.201299 -0.053901   0.323019     310.89900  -12085.20000   2188.530        236    1608     47.0405     34.287   44.264
4197         13 -0.203654  0.076532   0.644134    1339.96000  -24221.60000   2153.830        237    1608     28.5667     35.649  131.053
4198         13 -0.157793 -0.431669   0.529995    4171.32000    -578.97500   2198.610        238    2412    766.0850     49.764 -140.417
4199         13 -0.264008  0.141464   0.625098    4204.98000      81.36680   2198.610        238    2412    766.0850     49.764 -140.417
4200         13  0.071461 -0.339707   0.348511    4288.78000    -468.31600   2198.540        238    2412    766.0850     49.764 -140.417
4224         13 -0.233473 -0.118036   0.425483   -6063.49000  -11164.30000   2187.340        239    2412    190.4050     49.050   70.041
4231         13  0.025133  0.106002   0.295770    -722.39600     626.20200   2199.930        240    2412    420.8040     35.508   22.633
4242         13 -0.017718  0.152742   0.318905   -3042.54000   -4364.09000   2197.780        240    2412    420.8040     35.508   22.633
4261         13 -0.017372 -0.120065   0.466503   -3630.73000   -3717.22000   2197.880        240    2412    420.8040     35.508   22.633
4263         13  0.349994 -0.203617   0.221181   -7341.27000   -1578.14000   2195.580        240    2412    420.8040     35.508   22.633
4265         13 -0.000529 -0.371679   0.148382   -3645.16000  -20407.80000   2166.290        242    2412     91.0868     24.310   35.657
4266         13  0.131977 -0.020176   0.571230   -2684.56000   -7617.27000   2194.880        242    2412     91.0868     24.310   35.657
4280         13  0.023851  0.084925   0.494568   -1469.69000   -7027.98000   2195.960        244    2412    114.3270      6.584   38.328
4281         13 -0.096539 -0.040530   0.474647      81.90910  -14578.90000   2183.330        245    2412    190.0710     35.969  164.999
4303         13 -0.297548  0.116671   0.140142   -4668.00000   -3317.62000   2197.430        247    2412    249.9410     24.389  174.746
4335         13 -0.213751 -0.221767   0.459728  -26135.10000    1646.99000   2146.200        248    2412   2555.3200     64.148  -37.065
4409         13 -0.008765  0.122608   0.512443    1174.21000  -47579.50000   2022.290        250    2412    122.0830     58.599   94.938
4414         13  0.012653 -0.254975   0.339763     652.38200   -3513.02000   2199.000        252    2412    219.3130     16.822  115.723
4416         13 -0.074019  0.192961   0.420849     610.62800   -3276.17000   2199.130        252    2412    219.3130     16.822  115.723
4418         13  0.054437  0.051398   0.790903    1741.79000   -4631.45000   2198.080        253    2412    159.0300     11.667 -135.372
4419         13 -0.398238 -0.180511   0.700649     139.69000   -8105.44000   2194.840        253    2412    159.0300     11.667 -135.372
4423         13 -0.221475  0.026732   0.451291    1596.22000   -4563.36000   2198.170        254    2412    139.0130     15.169  160.003
4692         13  0.045157 -0.330627   0.219381   -1130.83000      41.28880   2199.900        255    2412   4798.0800     55.862  -39.458
4703         13  0.208088 -0.093614   0.766661   -5767.89000    5902.29000   2194.660        255    2412   4798.0800     55.862  -39.458
4783         13 -0.195680  0.139375   0.560791   -3225.29000   -2053.43000   2198.850        256    2412    133.0770     12.635  -67.098
4784         13 -0.338202 -0.117608   0.997400   -3166.48000   -3078.37000   2198.470        256    2412    133.0770     12.635  -67.098
4785         13  0.261009  0.190519   0.904615     713.11200   -4060.05000   2198.670        256    2412    133.0770     12.635  -67.098
4786         13 -0.351568  0.158995   0.251692    -373.48800   -4061.67000   2198.690        256    2412    133.0770     12.635  -67.098
4805         13  0.018667  0.267859   0.162499   52518.60000  -52613.10000   1766.450        259    2412     66.5879     65.856  149.517
4825         13 -0.029045 -0.098910   0.349415   -1837.40000   -4387.15000   2198.230        260    2412    521.5090     16.194   53.139
4858         13  4.260090  3.960800  18.801100     519.12100   -1440.93000   2199.820        260    2412    521.5090     16.194   53.139
4860         13  0.363229  0.104484   0.884521    1321.86000   -2221.42000   2199.480        260    2412    521.5090     16.194   53.139
4868         13 -0.017134  0.201934   0.766135   -3714.91000    -434.93600   2198.900        260    2412    521.5090     16.194   53.139
4869         13 -0.012217 -0.046111   0.475096    4222.54000  -53653.40000   1972.770        261    2412    322.7920     68.298  100.432
4871         13 -0.136376 -0.032194   0.532553   -1282.99000  -10537.00000   2191.160        262    2412     92.2414      4.522 -149.332
4873         13 -0.188013 -0.383961   0.085504   -2327.23000   -4537.76000   2197.960        263    2412    223.7910     24.152   52.345
4875         13 -0.117721 -0.053358   0.426860   -2085.22000   -4097.27000   2198.340        263    2412    223.7910     24.152   52.345
4881         13  0.062129 -0.045712   0.379260     117.98600   -8616.63000   2194.170        264    2412     84.3334     16.032  175.173
4925         13 -0.216605 -0.177853   0.434708   -5624.56000   -1921.83000   2197.230        265    2412   1944.5000     25.659   28.197
5013         13 -0.171136 -0.295441   0.356996     308.03600     321.32000   2199.980        265    2412   1944.5000     25.659   28.197
5048         13 -0.282780 -0.214641   0.164109   -2620.72000    2151.79000   2199.100        265    2412   1944.5000     25.659   28.197
5084         13  0.178985  0.058948   0.348252     233.21400    -921.65800   2199.930        265    2412   1944.5000     25.659   28.197
5085         13  0.356427 -0.067869   0.877102      97.04470   -1233.87000   2199.880        265    2412   1944.5000     25.659   28.197
5087         13  0.485093  0.052842   0.930786     111.90200   -1027.01000   2199.920        265    2412   1944.5000     25.659   28.197
5098         13 -0.273151 -0.079308   0.400486   -5298.77000   -2014.40000   2197.480        265    2412   1944.5000     25.659   28.197
5125         13 -0.007489 -0.009690   0.377159   -1780.52000   -2016.70000   2199.430        265    2412   1944.5000     25.659   28.197
5251         13 -0.175465 -0.194489   0.386644    9437.38000  -38955.40000   2073.960        266    2412     63.9390     59.247 -177.702
5253         13  0.017548  0.042957   0.478323    -990.35400   -5898.28000   2197.190        267    2412    181.7740     20.345   58.258
5254         13  0.094527 -0.190763   0.620132    -985.66900   -5914.36000   2197.180        267    2412    181.7740     20.345   58.258
5256         13 -0.042468  0.071665   0.403351   -2560.26000  -12450.50000   2187.320        268    2412    168.4910     30.547  100.189
5329         13  0.008790  0.000792   0.483993 -391211.00000 -342700.00000 -19055.200          5    1206     20.0163     83.955   42.431
5330         13  0.250673  0.244919   0.287813   69796.80000  -30350.70000   1745.540          6    1206     66.5294     75.631  179.524
5417         13  0.151263  0.122949   0.793292   26219.80000  -25265.40000   2095.990          7    1608   2809.8000     72.953  134.006
5427         13 -0.140491 -0.232306   0.176017 -556651.00000 -635080.00000 -53997.000          8    1608     80.6397     89.930   49.567
5429         13  0.109673 -0.171802   0.271880   21725.10000 -429796.00000 -12345.200         10    1608     48.7226     83.478   95.721
5434         13 -0.515694  0.375555   0.664931   45321.80000 -142527.00000    444.997         14    2412    120.2360     76.205  115.535
5544         13 -0.356101 -0.406115   0.408022   -6510.05000   -5286.94000   2194.480         16    2412   2181.7300     73.780 -138.683

