Tabla para CorsikaId 3:
       CorsikaId         px         py        pz            x             y           z  shower_id  prm_id  prm_energy  prm_theta  prm_phi
19             3  -0.000385  -0.000637  0.000600   -2893.8200  -21307.70000   2163.7300          6     703    291.2950     73.310  102.322
96             3  -0.004792   0.005082  0.004878  108056.0000 -408780.00000 -11840.4000         31     703     20.5427     83.460  109.230
107            3   0.000057   0.000089  0.001205    6331.5500  -19379.00000   2167.3900         34     703    309.5680     73.883  126.377
155            3  -0.013387   0.010984  0.019009   -6845.1500  -55514.50000   1954.5500         53     703     55.5883     70.103   91.268
229            3   0.000140   0.000378  0.000988   14524.1000  -41938.40000   2045.4700         72     703    240.2950     76.822  115.068
230            3  -0.000981   0.004132  0.002475   14523.9000  -41937.60000   2045.4800         72     703    240.2950     76.822  115.068
238            3  -0.010854   0.014486  0.014170   14394.6000  -41991.90000   2045.4100         72     703    240.2950     76.822  115.068
287            3  -0.012136   0.036864  0.017184    5412.2600  -12942.00000   2184.5600         73     703   1493.5100     81.854  113.344
293            3  -0.001243   0.000493  0.002204    5683.1500  -13827.50000   2182.4700         73     703   1493.5100     81.854  113.344
295            3  -0.007379   0.021271  0.010382    5658.0700  -13804.50000   2182.5400         73     703   1493.5100     81.854  113.344
315            3   0.003301   0.000912  0.002967     723.6160     434.26500   2199.9400         74     703    979.8540     80.536   -3.074
331            3   0.027762  -0.001196  0.011545     364.2480     383.86700   2199.9800         74     703    979.8540     80.536   -3.074
362            3  -0.000028  -0.000465  0.001920     696.6120     404.52200   2199.9500         74     703    979.8540     80.536   -3.074
363            3   0.022173  -0.003464  0.007965     698.4230     404.39000   2199.9500         74     703    979.8540     80.536   -3.074
382            3   0.001751  -0.001475  0.001171   -5044.4000    4365.73000   2196.5100         78     703    453.5760     83.298  -36.999
395            3   0.004495  -0.001585  0.002615   -4864.6900    4257.74000   2196.7200         78     703    453.5760     83.298  -36.999
398            3   0.031890  -0.024267  0.005701   -4820.2200    4215.20000   2196.7800         78     703    453.5760     83.298  -36.999
406            3   0.086528  -0.074491  0.015730   -4839.5100    4183.34000   2196.7900         78     703    453.5760     83.298  -36.999
443            3  -0.002865  -0.002960  0.002962    6589.2600  -20551.30000   2163.4600         89     703    283.0380     72.818  -84.987
479            3  -0.371451  -0.009006  0.127606     300.3830     -70.70530   2199.9900         93     703    904.4600     71.454 -178.830
489            3  -0.027350   0.006168  0.011893     307.0080     -66.21810   2199.9900         93     703    904.4600     71.454 -178.830
510            3  -0.000306   0.000130  0.000480     514.5190    -122.78700   2199.9800         93     703    904.4600     71.454 -178.830
511            3  -0.001432   0.000029  0.001388     439.5890     -95.74560   2199.9800         93     703    904.4600     71.454 -178.830
512            3  -0.038960  -0.006676  0.015584     439.1840     -95.88660   2199.9800         93     703    904.4600     71.454 -178.830
525            3  -1.504770  -0.035848  0.518504     301.0990     -70.29360   2199.9900         93     703    904.4600     71.454 -178.830
543            3  -0.019507  -0.000424  0.003888     206.8650     -38.25400   2200.0000         93     703    904.4600     71.454 -178.830
576            3  -1.230540  -0.012759  0.419164     300.3820     -70.25830   2199.9900         93     703    904.4600     71.454 -178.830
615            3  -0.001720   0.000123  0.000047   -1349.9600    -495.72700   2199.8400        102     703    882.8340     70.553  134.254
616            3  -0.008244   0.010760  0.001312   -1349.5400    -495.47000   2199.8400        102     703    882.8340     70.553  134.254
648            3   0.005613   0.001464  0.006249  -16652.4000    1588.04000   2178.0500        112     703    452.8200     71.552  -15.781
676            3  -0.233086  -0.156900  0.102772   12445.7000    -785.01300   2187.8000        118     703    758.2710     76.553 -153.082
678            3   0.003553   0.007170  0.002522   -6766.3500  -36595.40000   2091.3500        119     703    288.3980     74.215   83.766
706            3   0.005880  -0.001463  0.003446  -25155.4000   -1040.21000   2150.2700        124     703    236.2650     74.965    8.020
714            3   0.053615   0.006170  0.025242  -25081.9000   -1016.06000   2150.5700        124     703    236.2650     74.965    8.020
723            3   0.000546   0.001932  0.002655  -25102.6000    -984.63700   2150.4900        124     703    236.2650     74.965    8.020
799            3   0.003743  -0.004445  0.003533  -87482.9000  191045.00000  -1264.6200        150     703   1192.1900     89.185  -67.157
858            3  -0.000033  -0.035365  0.029797    8037.4000    7923.66000   2190.0100        171     703    204.3540     76.189 -112.179
859            3  -0.000226  -0.000698  0.001916 -128058.0000   -4031.97000    912.1030        172     703     95.8053     74.238    2.796
882            3  -0.000294   0.018397  0.015406    4358.1400    7088.59000   2194.5700        183     703    501.7150     70.348   80.536
887            3  -0.008021  -0.002443  0.007760  -43628.3000  -37373.40000   1941.1000        184     703    121.5610     73.024   43.440
932            3   0.017054  -0.036406  0.011492    5450.7000  -11781.10000   2186.7800        200     703    834.7770     72.384  -64.539
951            3   0.141438  -0.315613  0.079858    5445.4300  -11800.90000   2186.7500        200     703    834.7770     72.384  -64.539
959            3   0.161144  -0.330557  0.092492    5433.9300  -11774.80000   2186.8100        200     703    834.7770     72.384  -64.539
967            3   0.043558  -0.093623  0.025848    5438.7000  -11774.20000   2186.8000        200     703    834.7770     72.384  -64.539
970            3  -0.002134  -0.004594  0.001112    5429.8300  -11768.60000   2186.8200        200     703    834.7770     72.384  -64.539
997            3  -0.003342  -0.001946  0.005488   -7493.4400   -5582.09000   2193.1500        205     703   1646.9300     74.981 -164.155
1008           3  -0.006975  -0.001943  0.003776   -7729.1800   -5620.26000   2192.8400        205     703   1646.9300     74.981 -164.155
1040           3  -0.016941  -0.004619  0.006781    4771.3700    1323.10000   2198.0800        205     703   1646.9300     74.981 -164.155
1069           3   0.000742   0.000568  0.001011   12616.0000  -26718.70000   2131.5100        207     703    783.3690     75.320  -64.636
1075           3   0.047530  -0.203547  0.040463  -11359.1000    3962.09000   2188.6500        207     703    783.3690     75.320  -64.636
1103           3  -0.104722  -0.306220  0.123799   -1239.9800  -10596.10000   2191.0700        211     703    295.8360     71.435 -108.815
1272           3   0.000275   0.024888  0.023275    -955.8950    3373.61000   2199.0400        241     703   1602.0400     73.427   93.365
1284           3  -0.000212   0.001939  0.001769   -1393.2900    4229.21000   2198.4400        241     703   1602.0400     73.427   93.365
1301           3  -0.004189   0.015387  0.017070   -1255.9400  -13007.10000   2186.6000        241     703   1602.0400     73.427   93.365
1329           3   0.007150   0.006579  0.003285  -69504.6000  -78963.70000   1331.8000        242     703   1078.1800     85.953   48.247
1385           3   0.001339  -0.001342  0.002872    1268.3100   -6585.71000   2196.4700        255    1206   4013.9100     71.542   85.661
1410           3   0.161033   1.474410  0.329113     789.6730    1828.92000   2199.6900        255    1206   4013.9100     71.542   85.661
1429           3   0.001532   0.003000  0.001904    1561.8700    6573.24000   2196.4200        255    1206   4013.9100     71.542   85.661
1434           3   0.000275   0.000120  0.000534    1322.7800    6214.82000   2196.8300        255    1206   4013.9100     71.542   85.661
1440           3  -0.004763   0.013369  0.001369    1315.6400    6271.16000   2196.7800        255    1206   4013.9100     71.542   85.661
1482           3  -0.001811  -0.000026  0.003587    2750.8100  -10193.80000   2191.2500        255    1206   4013.9100     71.542   85.661
1514           3   0.033087   0.024059  0.006198  -15450.2000  -14757.50000   2164.1900        264    1206    413.6000     75.188   51.545
1520           3  -0.000119   0.000112  0.000700  -15550.9000  -14792.80000   2163.8600        264    1206    413.6000     75.188   51.545
1525           3  -0.000174  -0.000061  0.002187  -15630.6000  -14916.90000   2163.3800        264    1206    413.6000     75.188   51.545
1528           3   0.237138   0.343958  0.116123  -15608.6000  -14881.80000   2163.5100        264    1206    413.6000     75.188   51.545
1557           3   0.000383   0.001395  0.001442   -5776.4000  -33209.20000   2110.8600        272    1206    203.0210     70.355   91.025
1560           3  -0.045425   0.701648  0.313689   -5778.4900  -33207.70000   2110.8700        272    1206    203.0210     70.355   91.025
1648           3  -0.000822   0.008130  0.007734   17205.4000 -103454.00000   1337.0900        313    1206    197.6690     78.821  104.241
1651           3  -0.003826   0.004663  0.005254   17160.1000 -104076.00000   1327.0800        313    1206    197.6690     78.821  104.241
1664           3  -0.000307   0.000219  0.000631  -19021.6000   -5165.87000   2169.5200        315    1206    592.1250     77.073   17.531
1749           3   0.000210   0.000430  0.000349    1680.9100   -2017.21000   2199.4600        318    1206   6471.6000     70.182  -40.295
1750           3   0.001955   0.001311  0.002364    1681.3200   -2016.90000   2199.4600        318    1206   6471.6000     70.182  -40.295
1784           3   0.025923  -0.014552  0.013896    5470.6700   -1829.67000   2197.3900        318    1206   6471.6000     70.182  -40.295
1820           3   0.004857  -0.016513  0.003946   16897.7000  -18590.10000   2150.4900        322    1206    688.0580     71.075  -56.741
1824           3   0.006218  -0.009211  0.001639   16716.1000  -18516.70000   2151.1800        322    1206    688.0580     71.075  -56.741
1857           3  -0.001000  -0.000086  0.000255   -2156.2900    -628.42500   2199.6000        330    1206    995.9750     76.421 -157.099
1914           3  -0.000286   0.000024  0.000392   -2501.4600    -879.35900   2199.4500        330    1206    995.9750     76.421 -157.099
1918           3  -0.101480  -0.032367  0.028861   -2471.9500    -855.73900   2199.4600        330    1206    995.9750     76.421 -157.099
1935           3  -0.151487  -0.057293  0.035887   -2399.5800    -825.69200   2199.4900        330    1206    995.9750     76.421 -157.099
1949           3  -0.023855  -0.003231  0.027083   -2318.3600    -781.20500   2199.5300        330    1206    995.9750     76.421 -157.099
1950           3  -0.007401   0.001326  0.003089   -2459.7300    -857.81400   2199.4700        330    1206    995.9750     76.421 -157.099
1981           3  -0.006760  -0.000976  0.004815   -2367.8400    -833.18900   2199.5100        330    1206    995.9750     76.421 -157.099
1995           3  -0.011111  -0.006089  0.008388   -2368.7300    -805.96900   2199.5100        330    1206    995.9750     76.421 -157.099
2002           3  -0.173417  -0.090313  0.028856   -2424.8300    -842.48100   2199.4800        330    1206    995.9750     76.421 -157.099
2003           3  -0.031501  -0.011023  0.008346   -2432.5300    -844.19500   2199.4800        330    1206    995.9750     76.421 -157.099
2012           3  -0.031064  -0.012803  0.006718   -2455.9100    -859.57100   2199.4700        330    1206    995.9750     76.421 -157.099
2017           3  -0.018345  -0.011576  0.001651   -2415.4900    -835.29300   2199.4900        330    1206    995.9750     76.421 -157.099
2019           3  -0.569464  -0.215011  0.152105   -2414.9600    -833.74700   2199.4900        330    1206    995.9750     76.421 -157.099
2022           3  -0.001797  -0.003477  0.002733    1105.3200   -2095.64000   2199.5600        330    1206    995.9750     76.421 -157.099
2029           3  -0.001901  -0.008394  0.003938   -7694.2900  -13997.90000   2179.9800        331    1206   1800.6800     81.585 -120.368
2030           3   0.000952  -0.000001  0.000553   -7682.5300  -13978.90000   2180.0400        331    1206   1800.6800     81.585 -120.368
2048           3  -0.003495  -0.004149  0.002196    4528.2800   26613.00000   2142.8300        332    1206    743.7990     73.176 -109.049
2090           3  -0.000980  -0.000425  0.003085   -2175.3900    -127.80800   2199.6300        333    1206   1042.4000     76.649  113.886
2094           3  -0.005840   0.003646  0.005943   -2334.8900     -54.28570   2199.5700        333    1206   1042.4000     76.649  113.886
2135           3   0.000146   0.003064  0.001026   -2131.0600    -145.89400   2199.6400        333    1206   1042.4000     76.649  113.886
2143           3   0.000146   0.000991  0.000781   -2068.5000     152.99800   2199.6600        333    1206   1042.4000     76.649  113.886
2163           3  -0.000956  -0.001133  0.002163   11209.9000     434.17100   2190.1300        342    1206    408.3270     72.594 -164.874
2172           3  -0.426715  -0.100900  0.176135   11207.9000     434.72500   2190.1300        342    1206    408.3270     72.594 -164.874
2206           3   0.009121  -0.004994  0.011632     549.2970   -1359.62000   2199.8300        349    1206    645.8740     74.128  -17.482
2215           3  -0.000631   0.008236  0.008517   58314.2000   16063.40000   1912.9800        353    1206    200.0960     73.838  176.265
2252           3   0.005857  -0.055109  0.007800    1015.9300  -15417.70000   2181.2700        357    1206    860.2730     71.484  -90.017
2265           3   0.000052  -0.082444  0.020643    1000.1500  -15591.80000   2180.8500        357    1206    860.2730     71.484  -90.017
2290           3   0.017505   0.001627  0.021945  -76570.5000 -145348.00000     82.3663        366    1206     58.5780     77.004   62.327
2308           3   0.004515  -0.076436  0.029379    3059.3100   -5537.85000   2196.8600        369    1206    920.2340     70.043  -80.599
2322           3   0.000091  -0.000139  0.001665    3092.1800   -5531.43000   2196.8500        369    1206    920.2340     70.043  -80.599
2324           3   0.021199  -0.074327  0.025931    3092.9100   -5550.81000   2196.8300        369    1206    920.2340     70.043  -80.599
2327           3   0.003887  -0.042514  0.019093    3078.0400   -5559.66000   2196.8300        369    1206    920.2340     70.043  -80.599
2347           3   0.018970  -0.046921  0.026836    3066.3200   -5497.80000   2196.8900        369    1206    920.2340     70.043  -80.599
2364           3   0.007808  -0.051774  0.020393    3066.6200   -5559.64000   2196.8400        369    1206    920.2340     70.043  -80.599
2372           3   0.030384  -0.160986  0.058779    3064.5400   -5557.28000   2196.8400        369    1206    920.2340     70.043  -80.599
2393           3   0.013928  -0.063059  0.014485    3084.2700   -5576.70000   2196.8100        369    1206    920.2340     70.043  -80.599
2396           3   0.018183  -0.119418  0.043225    3077.9600   -5568.72000   2196.8200        369    1206    920.2340     70.043  -80.599
2400           3   0.001727  -0.007037  0.008408    3073.8700   -5492.90000   2196.8900        369    1206    920.2340     70.043  -80.599
2405           3   0.063227  -0.346787  0.147460    3068.3500   -5521.35000   2196.8700        369    1206    920.2340     70.043  -80.599
2409           3   0.002447  -0.015633  0.010035    3076.5700   -5551.79000   2196.8400        369    1206    920.2340     70.043  -80.599
2417           3   0.000217  -0.000194  0.000420    3108.3000   -5667.17000   2196.7200        369    1206    920.2340     70.043  -80.599
2423           3  -0.001744  -0.018119  0.004972    3055.4700   -5524.93000   2196.8700        369    1206    920.2340     70.043  -80.599
2426           3   0.003145  -0.007815  0.002288    3080.8800   -5539.62000   2196.8500        369    1206    920.2340     70.043  -80.599
2430           3   0.035845  -0.187065  0.080055    3076.5700   -5531.31000   2196.8600        369    1206    920.2340     70.043  -80.599
2445           3   0.064160  -0.351261  0.129582    3077.8800   -5553.85000   2196.8400        369    1206    920.2340     70.043  -80.599
2469           3   0.030274  -0.148510  0.043062    3080.9800   -5565.33000   2196.8300        369    1206    920.2340     70.043  -80.599
2477           3   0.000838  -0.002323  0.002582    3079.1900   -5545.43000   2196.8400        369    1206    920.2340     70.043  -80.599
2517           3   0.000444   0.000638  0.001756   16103.8000  -19867.40000   2148.6900        381    1206    333.3480     72.935  143.660
2549           3   0.167495   0.013451  0.067626  -60027.2000  -10411.30000   1908.8200        396    1206    571.4560     81.428    5.317
2555           3  -0.000658  -0.000625  0.000728     411.1650    2560.85000   2199.4700        399    1206   2069.2700     72.885 -107.927
2567           3  -0.002458  -0.005441  0.002756     492.6550    2151.99000   2199.6200        399    1206   2069.2700     72.885 -107.927
2574           3   0.000497  -0.000582  0.002704     466.6330    2257.75000   2199.5800        399    1206   2069.2700     72.885 -107.927
2577           3  -0.000122  -0.014023  0.016256     489.9860    2258.78000   2199.5800        399    1206   2069.2700     72.885 -107.927
2589           3  -0.000460   0.000194  0.000516     434.2070    3650.47000   2198.9400        399    1206   2069.2700     72.885 -107.927
2590           3  -0.000436  -0.000966  0.000266     426.4360    3646.82000   2198.9400        399    1206   2069.2700     72.885 -107.927
2603           3   0.000120   0.000730  0.000743     388.8390    3505.71000   2199.0200        399    1206   2069.2700     72.885 -107.927
2607           3  -0.004916  -0.005212  0.014868     428.4590    3737.65000   2198.8900        399    1206   2069.2700     72.885 -107.927
2613           3  -0.003096  -0.025649  0.007446     504.4500    3318.82000   2199.1200        399    1206   2069.2700     72.885 -107.927
2654           3  -0.002164  -0.006754  0.005962     369.6560    3490.11000   2199.0300        399    1206   2069.2700     72.885 -107.927
2656           3  -0.000125  -0.000776  0.000515     605.1410    3717.93000   2198.8900        399    1206   2069.2700     72.885 -107.927
2659           3  -0.024972  -0.068199  0.023695     363.8970    3484.26000   2199.0400        399    1206   2069.2700     72.885 -107.927
2668           3  -0.020758  -0.062038  0.027386     395.3440    3503.29000   2199.0200        399    1206   2069.2700     72.885 -107.927
2703           3  -0.005756  -0.013788  0.007966   -2194.9300  -11812.40000   2188.6800        399    1206   2069.2700     72.885 -107.927
2716           3  -0.002131  -0.000668  0.000168    7266.5200   -5337.43000   2193.6200        400    1206    487.2990     77.817  170.075
2747           3  -0.002679  -0.000439  0.001916    7177.7000   -5263.72000   2193.7800        400    1206    487.2990     77.817  170.075
2749           3  -0.008104   0.001153  0.000899    7181.6300   -5268.27000   2193.7800        400    1206    487.2990     77.817  170.075
2753           3  -0.029898   0.003662  0.005566    7186.6900   -5269.62000   2193.7700        400    1206    487.2990     77.817  170.075
2762           3  -0.022964   0.006764  0.008720    7273.3600   -5282.72000   2193.6600        400    1206    487.2990     77.817  170.075
2766           3  -0.011304   0.011895  0.007121    7259.3100   -5259.87000   2193.7000        400    1206    487.2990     77.817  170.075
2771           3  -0.040780   0.006003  0.013569    7172.5800   -5273.62000   2193.7800        400    1206    487.2990     77.817  170.075
2778           3  -0.061338   0.019156  0.016169    7149.5600   -5244.78000   2193.8300        400    1206    487.2990     77.817  170.075
2783           3  -0.137609   0.040877  0.025867    7202.6400   -5267.78000   2193.7500        400    1206    487.2990     77.817  170.075
2795           3  -0.059525   0.017364  0.011125    7122.1600   -5241.11000   2193.8700        400    1206    487.2990     77.817  170.075
2800           3  -0.154688   0.036634  0.047645    7251.4200   -5273.64000   2193.6900        400    1206    487.2990     77.817  170.075
2830           3   1.313290   2.400030  0.503634  -16323.6000  -26097.20000   2125.6700        409    1206   6817.2500     82.111   61.011
2851           3   0.726187   1.230680  0.378932  -20432.6000  -32953.50000   2082.0600        409    1206   6817.2500     82.111   61.011
2886           3  -0.116395   0.112146  0.050107   16580.2000  -23002.80000   2136.9200        410    1206   1313.5200     77.235  135.164
2924           3  -0.006238   0.014846  0.007573   16581.2000  -23002.20000   2136.9200        410    1206   1313.5200     77.235  135.164
2925           3  -0.134114   0.118530  0.077813   16587.5000  -23024.50000   2136.8300        410    1206   1313.5200     77.235  135.164
2932           3  -0.002058  -0.000686  0.000982   16517.9000  -22749.70000   2137.9900        410    1206   1313.5200     77.235  135.164
2937           3  -0.188722   0.172682  0.087712   16521.2000  -22949.60000   2137.2700        410    1206   1313.5200     77.235  135.164
2943           3  -0.103700   0.068661  0.014626   16430.9000  -22919.00000   2137.6100        410    1206   1313.5200     77.235  135.164
2975           3  -0.162031   0.152954  0.069871   16503.7000  -22936.20000   2137.3600        410    1206   1313.5200     77.235  135.164
2980           3  -0.947115   0.992033  0.300223    8016.7200   -9829.58000   2187.3800        410    1206   1313.5200     77.235  135.164
3024           3  -0.003273  -0.003505  0.002138    3680.8200   -6053.20000   2196.0600        421    1206   1128.6000     80.185 -153.879
3029           3  -0.020716  -0.009881  0.015826    3684.1400   -6032.97000   2196.0800        421    1206   1128.6000     80.185 -153.879
3032           3  -0.101888  -0.077861  0.038596    3621.6000   -6100.31000   2196.0500        421    1206   1128.6000     80.185 -153.879
3093           3  -0.000915   0.001087  0.001987    1547.9600   -2308.66000   2199.3900        427    1206   2231.6400     70.951  142.757
3096           3  -0.001784   0.003090  0.001251    1606.1800   -2329.47000   2199.3700        427    1206   2231.6400     70.951  142.757
3167           3  -0.063140  -0.075975  0.060281   -6149.2400   -6430.90000   2193.7900        428    1206    447.5210     70.818 -119.092
3175           3  -0.000659   0.002371  0.002277   42057.9000  -69284.20000   1684.6300        432    1206    459.9270     80.024  121.261
3226           3  -0.167000  -0.552406  0.192288  -17108.7000 -129269.00000    865.9670        437    1206    289.1870     80.804 -100.787
3235           3   0.002698   0.000919  0.016672  -77842.7000  -22603.10000   1684.5300        440    1206    188.8020     76.533   16.606
3279           3  -0.001356  -0.000524  0.000663   -2023.5900    3928.11000   2198.4700        461    1206    793.2600     75.225  134.624
3311           3   0.001452   0.003298  0.013837 -279630.0000  -81537.10000  -4459.2200        468    1206    131.8480     83.226   20.749
3351           3   0.173571   0.207172  0.058483   -8547.9000   -1927.65000   2193.9800        472    1206   3072.6700     78.256   46.707
3366           3   0.003881   0.002229  0.004422   -8567.2300   -1955.65000   2193.9400        472    1206   3072.6700     78.256   46.707
3396           3   0.078434   0.029882  0.014323   -2700.7700   -1446.33000   2199.2600        473    1206   2184.4300     76.743   27.012
3406           3   0.038819   0.032091  0.009379   -2705.8500   -1377.81000   2199.2800        473    1206   2184.4300     76.743   27.012
3426           3   0.038475   0.022183  0.005343   -2707.2500   -1416.85000   2199.2700        473    1206   2184.4300     76.743   27.012
3427           3   0.000369  -0.000112  0.000542   -2720.3400   -1364.66000   2199.2700        473    1206   2184.4300     76.743   27.012
3435           3   0.119754   0.064799  0.025091   -2672.2400   -1390.12000   2199.2900        473    1206   2184.4300     76.743   27.012
3437           3   0.000191   0.001603  0.002428   -2841.1500   -1461.81000   2199.2000        473    1206   2184.4300     76.743   27.012
3457           3   0.093944   0.047336  0.022147   -2704.8600   -1414.95000   2199.2700        473    1206   2184.4300     76.743   27.012
3462           3   0.142626   0.065017  0.043900   -2874.5000   -1540.96000   2199.1700        473    1206   2184.4300     76.743   27.012
3484           3   0.004602   0.004222  0.004929   -2705.3500   -1437.68000   2199.2600        473    1206   2184.4300     76.743   27.012
3540           3  -0.000943  -0.000161  0.001352   19309.7000 -123800.00000    968.2760        501    1206    218.7720     79.967  104.291
3541           3  -0.001853   0.000226  0.002767   19309.7000 -123799.00000    968.2950        501    1206    218.7720     79.967  104.291
3655           3  -0.003062  -0.002302  0.001394    5784.6200     421.91500   2197.3600        511    1206   1530.1100     78.009 -162.015
3656           3  -0.231214  -0.065743  0.064224    5786.8900     425.56700   2197.3600        511    1206   1530.1100     78.009 -162.015
3668           3  -0.029395  -0.026828  0.016473   -6188.7100  -30101.60000   2125.9100        516    1206    566.7690     74.387   81.257
3693           3  -0.009689   0.001638  0.014873   20006.0000   -5735.42000   2166.0200        520    1206    813.0070     74.872  175.534
3701           3  -0.303439  -0.020203  0.124371   24905.0000   -6013.26000   2148.5000        520    1206    813.0070     74.872  175.534
3714           3  -0.016088  -0.001168  0.005654   24897.0000   -6012.66000   2148.5400        520    1206    813.0070     74.872  175.534
3797           3   0.013330  -0.004895  0.011331  -13153.2000    8543.33000   2180.7000        531    1206    673.0980     70.955  -33.746
3803           3  -0.001168  -0.004926  0.003708   -4003.6300     -20.20090   2198.7400        531    1206    673.0980     70.955  -33.746
3837           3  -0.011897  -0.008497  0.005319   -9328.8800  -12281.10000   2181.3400        540    1206    264.9670     71.337 -158.431
3866           3  -0.069286   0.154267  0.044784    8053.8500  -21535.40000   2158.5300        542    1206    212.3210     70.123  128.253
3919           3   0.874374   0.035595  0.300871   -6919.2500     451.14400   2196.2300        558    1608    549.7640     73.794    2.637
3935           3   0.008691  -0.001142  0.002835   -6899.6900     453.89100   2196.2500        558    1608    549.7640     73.794    2.637
3938           3   0.026525   0.001310  0.007484   -6884.8100     454.45300   2196.2700        558    1608    549.7640     73.794    2.637
3940           3   0.007821   0.000986  0.000400   -6923.1900     454.77000   2196.2200        558    1608    549.7640     73.794    2.637
3945           3   0.006548  -0.003605  0.009436    7245.0600    3633.49000   2194.8500        560    1608   4089.6400     70.911  -14.008
3951           3   0.024443  -0.013002  0.006211    7146.4600    3398.30000   2195.0900        560    1608   4089.6400     70.911  -14.008
3979           3   0.069973  -0.018695  0.023525    7183.4500    3344.43000   2195.0700        560    1608   4089.6400     70.911  -14.008
4074           3   0.033611   0.014743  0.014064   -5536.6400     396.19000   2197.5800        572    1608    844.0200     73.215   14.510
4078           3   0.007910   0.002815  0.004055   -5524.7100     380.19200   2197.5900        572    1608    844.0200     73.215   14.510
4097           3   0.001511   0.001282  0.001081   -5514.8200     379.28900   2197.6000        572    1608    844.0200     73.215   14.510
4119           3   0.010257   0.001932  0.008749   -5518.9500     397.90200   2197.6000        572    1608    844.0200     73.215   14.510
4126           3   0.092539   0.018375  0.030954   -5502.3400     397.83200   2197.6100        572    1608    844.0200     73.215   14.510
4181           3  -1.916260  -0.738893  0.517819   -2176.7300   -4650.47000   2197.9300        592    1608    933.7400     76.692 -158.482
4193           3  -0.004350   0.012662  0.012089    -920.1630   -5836.87000   2197.2600        597    1608   2443.9000     72.336   67.936
4198           3   0.000497   0.002502  0.001730    -881.6980   -5706.65000   2197.3800        597    1608   2443.9000     72.336   67.936
4199           3   0.015262   0.073690  0.016859    -881.5910   -5706.26000   2197.3800        597    1608   2443.9000     72.336   67.936
4228           3   0.007794   0.016598  0.009640    2126.5800    3694.16000   2198.5700        597    1608   2443.9000     72.336   67.936
4240           3   0.002676   0.002977  0.002155    2100.8000    3639.36000   2198.6100        597    1608   2443.9000     72.336   67.936
4259           3   0.000798   0.015620  0.007270    2085.3400    3680.04000   2198.6000        597    1608   2443.9000     72.336   67.936
4260           3   0.014029   0.034395  0.009787    2102.5900    3657.19000   2198.6000        597    1608   2443.9000     72.336   67.936
4264           3   0.011790   0.019062  0.007630    2094.9300    3647.34000   2198.6100        597    1608   2443.9000     72.336   67.936
4266           3   0.000548  -0.000183  0.001162    2078.2000    3629.48000   2198.6300        597    1608   2443.9000     72.336   67.936
4285           3   0.013239   0.044728  0.021065    2078.0200    3572.43000   2198.6600        597    1608   2443.9000     72.336   67.936
4297           3   0.000585   0.001374  0.001174    2211.6400    3759.87000   2198.5100        597    1608   2443.9000     72.336   67.936
4299           3   0.050332   0.086432  0.032501    2140.5000    3666.20000   2198.5900        597    1608   2443.9000     72.336   67.936
4319           3   0.168957   0.422030  0.125139    2101.5200    3660.51000   2198.6000        597    1608   2443.9000     72.336   67.936
4345           3   0.088072   0.205845  0.059893    2108.9100    3658.91000   2198.6000        597    1608   2443.9000     72.336   67.936
4351           3   0.001712   0.002836  0.003168    1917.9100    3546.44000   2198.7200        597    1608   2443.9000     72.336   67.936
4368           3   0.001366   0.001990  0.000675    2112.4500    3659.43000   2198.6000        597    1608   2443.9000     72.336   67.936
4377           3   0.000702   0.014896  0.006852    2083.1300    3662.13000   2198.6100        597    1608   2443.9000     72.336   67.936
4392           3   0.000798   0.000516  0.001011    2123.7500    3640.87000   2198.6100        597    1608   2443.9000     72.336   67.936
4393           3   0.031681   0.053380  0.025981    2124.8000    3649.41000   2198.6000        597    1608   2443.9000     72.336   67.936
4400           3   0.045309   0.092559  0.027933    2106.2100    3661.51000   2198.6000        597    1608   2443.9000     72.336   67.936
4402           3  -0.000146   0.003865  0.001668    2108.2100    3675.38000   2198.5900        597    1608   2443.9000     72.336   67.936
4409           3   0.000897   0.001327  0.001060    2109.9000    3656.56000   2198.6000        597    1608   2443.9000     72.336   67.936
4414           3   0.022056   0.033359  0.013418    2120.5800    3667.55000   2198.5900        597    1608   2443.9000     72.336   67.936
4417           3   0.006110   0.038281  0.007727    2084.8100    3648.44000   2198.6100        597    1608   2443.9000     72.336   67.936
4428           3   0.036770   0.079951  0.023898    2116.2000    3683.90000   2198.5800        597    1608   2443.9000     72.336   67.936
4439           3  -0.000077   0.000212  0.000149    2072.9300    3631.27000   2198.6300        597    1608   2443.9000     72.336   67.936
4440           3   0.001507   0.009436  0.009220    2072.9700    3631.29000   2198.6300        597    1608   2443.9000     72.336   67.936
4441           3   0.003330   0.008141  0.003080    2098.8600    3665.30000   2198.6000        597    1608   2443.9000     72.336   67.936
4446           3   0.024670   0.076993  0.024036    2104.1000    3671.07000   2198.6000        597    1608   2443.9000     72.336   67.936
4472           3   0.543490   1.217170  0.345430    2131.1200    3706.40000   2198.5700        597    1608   2443.9000     72.336   67.936
4591           3   0.001020  -0.000524  0.005898  -14213.0000   24723.80000   2136.2000        612    1608    286.9880     71.177  -61.780
4623           3   0.009174   0.007045  0.004633    1493.5000     706.70800   2199.7900        617    1608   2606.8900     72.546   23.703
4667           3  -0.004862  -0.005736  0.006897   21027.1000   17545.90000   2141.1600        618    1608   7348.1300     72.629 -132.695
4709           3   0.001187   0.000197  0.002083   -4183.8300   -6185.43000   2195.6300        618    1608   7348.1300     72.629 -132.695
4720           3  -0.002513  -0.001431  0.001054   -4545.0000   -6004.74000   2195.5500        618    1608   7348.1300     72.629 -132.695
4723           3  -0.003422  -0.006682  0.004953   -4507.2000   -5942.46000   2195.6400        618    1608   7348.1300     72.629 -132.695
4740           3  -0.266253  -0.284298  0.083086   -4494.5800   -5951.40000   2195.6400        618    1608   7348.1300     72.629 -132.695
4760           3  -0.000784  -0.000408  0.001171    3362.9000    4871.94000   2197.2500        618    1608   7348.1300     72.629 -132.695
4850           3   0.032491   0.005110  0.010201   -6144.8500    -664.25600   2197.0000        639    1608    701.2070     71.494    2.834
4851           3   0.052796   0.002771  0.023378   -6147.2100    -668.74200   2197.0000        639    1608    701.2070     71.494    2.834
4860           3   0.017545   0.000807  0.014896   11578.1000 -168170.00000    -29.5628        642    1608     34.2292     72.677   97.284
4899           3   0.000048   0.000109  0.001007   -8389.6800  -25790.00000   2142.3000        655    1608    708.4950     71.769   78.789
4935           3   0.000056   0.000351  0.000668   29871.3000  -10173.20000   2121.8800        659    1608   1548.3600     80.294  170.053
4967           3   0.006391   0.007251  0.026887  -23021.8000  -90033.30000   1522.4700        673    1608     77.6188     71.522   81.079
5051           3  -0.000830   0.002789  0.003798   -1126.1900   -1580.59000   2199.7000        683    1608   2359.3200     77.825  115.042
5052           3  -0.008579   0.005959  0.005958   -1129.5700   -1600.45000   2199.7000        683    1608   2359.3200     77.825  115.042
5101           3  -0.001229   0.001263  0.003238   -1135.9200   -1525.39000   2199.7200        683    1608   2359.3200     77.825  115.042
5105           3  -0.006891   0.015479  0.004173   -1151.9800   -1476.37000   2199.7200        683    1608   2359.3200     77.825  115.042
5108           3  -0.866629   1.852260  0.363463   -1175.1600   -1443.56000   2199.7300        683    1608   2359.3200     77.825  115.042
5126           3   0.007178  -0.005094  0.007861  -14851.2000   16919.30000   2160.2400        689    1608   2115.7000     76.282  -43.908
5137           3   0.025458  -0.067961  0.026197    4949.4200   -9427.96000   2191.1100        692    1608    724.6950     75.265  -78.826
5143           3   0.000497  -0.000176  0.000309    4900.6700   -9448.48000   2191.1100        692    1608    724.6950     75.265  -78.826
5144           3  -0.000320  -0.000585  0.000865    4899.7400   -9450.20000   2191.1100        692    1608    724.6950     75.265  -78.826
5147           3   0.001260  -0.008648  0.004078    4889.7900   -9417.72000   2191.1700        692    1608    724.6950     75.265  -78.826
5153           3   0.004025  -0.043300  0.026315    4784.4600   -9310.56000   2191.4000        692    1608    724.6950     75.265  -78.826
5162           3  -0.000028  -0.000418  0.000177    4863.7800   -9576.49000   2190.9500        692    1608    724.6950     75.265  -78.826
5167           3   0.011889  -0.059785  0.027282    4854.4700   -9422.99000   2191.1900        692    1608    724.6950     75.265  -78.826
5172           3   0.001008  -0.044166  0.023305    4846.0100   -9428.79000   2191.1800        692    1608    724.6950     75.265  -78.826
5174           3   0.003038  -0.007195  0.001816    4840.2500   -9369.23000   2191.2800        692    1608    724.6950     75.265  -78.826
5182           3   0.001610  -0.008734  0.002748    4829.9100   -9405.71000   2191.2300        692    1608    724.6950     75.265  -78.826
5186           3  -0.001529  -0.035726  0.022393    4839.5700   -9415.02000   2191.2100        692    1608    724.6950     75.265  -78.826
5194           3  -0.001058  -0.000639  0.002123   -7700.4500  -15523.10000   2176.4400        693    1608    404.5160     71.230 -131.042
5201           3  -0.069964  -0.087654  0.047286   -7694.0900  -15556.70000   2176.3700        693    1608    404.5160     71.230 -131.042
5214           3   0.000091   0.000747  0.001119   -7726.5100  -15535.60000   2176.3800        693    1608    404.5160     71.230 -131.042
5216           3  -0.001400  -0.000890  0.000787   -7734.0400  -15583.80000   2176.2600        693    1608    404.5160     71.230 -131.042
5220           3  -0.002319  -0.001494  0.002447   -7747.2400  -15574.00000   2176.2600        693    1608    404.5160     71.230 -131.042
5291           3  -0.000525   0.000785  0.000689      93.2071  -14829.70000   2182.7500        710    1608   1329.8000     70.631 -104.469
5312           3  -0.032458  -0.112625  0.039212    2849.7600    6475.40000   2196.0700        710    1608   1329.8000     70.631 -104.469
5322           3  -0.005229  -0.032450  0.019345    2871.3800    6460.76000   2196.0800        710    1608   1329.8000     70.631 -104.469
5325           3  -0.001209  -0.003577  0.001951    2887.2700    6585.89000   2195.9400        710    1608   1329.8000     70.631 -104.469
5338           3  -0.016854  -0.065842  0.027193    2859.7100    6460.92000   2196.0800        710    1608   1329.8000     70.631 -104.469
5366           3   0.001558  -0.000270  0.001646 -144474.0000  -98192.80000   -194.3040        722    1608    117.6460     79.237   27.918
5395           3   0.018200   0.022974  0.006411   -3694.2000   -1276.37000   2198.8000        729    1608    378.0910     70.490   47.389
5413           3   0.053149   0.059545  0.020983   -3736.8700   -1426.82000   2198.7400        729    1608    378.0910     70.490   47.389
5457           3  -0.000929   0.000181  0.000855  105701.0000  -82083.00000    794.7830        734    1608   1020.7100     85.095  147.839
5458           3  -0.002596  -0.001545  0.001047  105700.0000  -82083.50000    794.7940        734    1608   1020.7100     85.095  147.839
5473           3  -0.000836   0.001934  0.002691  105799.0000  -82177.30000    791.9410        734    1608   1020.7100     85.095  147.839
5517           3  -0.000926  -0.000841  0.001563   -1082.0900   -5325.51000   2197.6800        749    1608    961.8700     73.296 -130.976
5539           3  -0.004971  -0.001241  0.002972    9141.1400   -8627.63000   2187.6100        756    1608    751.4790     78.625 -178.979
5580           3   0.015172  -0.020386  0.010101   -3613.4300    2260.65000   2198.5700        762    1608   2031.8300     77.709  -52.023
5604           3   0.021032  -0.014043  0.006404      15.0305   -2415.38000   2199.5400        762    1608   2031.8300     77.709  -52.023
5609           3   0.119673  -0.148697  0.026770     148.8700   -2623.16000   2199.4600        762    1608   2031.8300     77.709  -52.023
5654           3   0.036824  -0.005468  0.023867  -18358.6000   -1490.34000   2173.3900        775    1608    416.0710     70.811   -3.651
5668           3   0.036045  -0.018700  0.019332    -980.8020   -2566.31000   2199.4100        782    1608    990.5300     71.345  -26.863
5671           3   0.001755  -0.002446  0.003484    -953.9800   -2563.46000   2199.4100        782    1608    990.5300     71.345  -26.863
5687           3   0.003941  -0.001163  0.001439    -998.5740   -2525.38000   2199.4200        782    1608    990.5300     71.345  -26.863
5693           3   0.092540  -0.036778  0.043072   -1057.1800   -2550.06000   2199.4000        782    1608    990.5300     71.345  -26.863
5735           3   0.005167   0.000744  0.008742  -63726.8000  -29168.60000   1814.6500        798    1608    235.8000     76.300   22.660
5742           3  -0.000306   0.000414  0.000476  -64759.3000  -29013.00000   1804.9500        798    1608    235.8000     76.300   22.660
5774           3   0.002961  -0.012972  0.008707   -1310.6900    1790.56000   2199.6100        803    1608   3144.5400     71.530  -61.009
5781           3   0.006315  -0.017112  0.007302   -1270.6800    1789.52000   2199.6200        803    1608   3144.5400     71.530  -61.009
5800           3   0.002829  -0.003780  0.009099   -1301.0800    1811.57000   2199.6100        803    1608   3144.5400     71.530  -61.009
5802           3   0.010989  -0.025777  0.011830   -1283.6500    1781.94000   2199.6200        803    1608   3144.5400     71.530  -61.009
5803           3  -0.000071  -0.006108  0.002468   -1279.5100    1779.22000   2199.6200        803    1608   3144.5400     71.530  -61.009
5817           3   0.004040  -0.003885  0.003191   -1306.7000    1781.03000   2199.6200        803    1608   3144.5400     71.530  -61.009
5827           3  -0.000064  -0.000187  0.000264   -1280.4300    1752.41000   2199.6300        803    1608   3144.5400     71.530  -61.009
5828           3   0.022373  -0.036930  0.021222   -1280.3900    1752.40000   2199.6300        803    1608   3144.5400     71.530  -61.009
5829           3   0.001722  -0.000511  0.000633   -1323.3500    1828.43000   2199.6000        803    1608   3144.5400     71.530  -61.009
5832           3   0.001550  -0.031686  0.016645   -1476.2700    1907.97000   2199.5400        803    1608   3144.5400     71.530  -61.009
5865           3  -0.026406  -0.041972  0.014793   59887.7000  175311.00000   -493.0070        808    1608   5175.6700     88.693 -110.773
5868           3  -0.004206  -0.009362  0.005493   59915.6000  175297.00000   -492.8840        808    1608   5175.6700     88.693 -110.773
5892           3   0.004703   0.001576  0.005407  -12741.8000  -10407.50000   2178.7700        812    1608    615.8570     71.111   45.255
5895           3   0.002024   0.003755  0.001822  -12839.0000  -10430.10000   2178.5300        812    1608    615.8570     71.111   45.255
5899           3   0.001098   0.001163  0.000947  -12768.4000  -10451.60000   2178.6400        812    1608    615.8570     71.111   45.255
5904           3   0.055778   0.062206  0.049278  -12767.6000  -10460.30000   2178.6300        812    1608    615.8570     71.111   45.255
5946           3  -0.002979  -0.004067  0.002218    1261.4000     760.56100   2199.8300        817    1608   2166.8800     80.545  -95.285
5958           3   0.003443  -0.009275  0.005721    1285.3800     925.52500   2199.8000        817    1608   2166.8800     80.545  -95.285
5972           3  -0.005768  -0.019454  0.009798    1236.2400     935.15600   2199.8100        817    1608   2166.8800     80.545  -95.285
6022           3   0.003221  -0.001376  0.004656    1167.2000     313.07000   2199.8900        817    1608   2166.8800     80.545  -95.285
6031           3  -0.006841  -0.036909  0.012607    1246.4200     589.33400   2199.8500        817    1608   2166.8800     80.545  -95.285
6088           3  -0.003019   0.008296  0.001848    2878.2100  -11194.80000   2189.5200        824    1608   1350.7400     72.375  114.488
6096           3  -0.005790   0.019700  0.009320    2951.4800  -11265.00000   2189.3600        824    1608   1350.7400     72.375  114.488
6102           3  -0.003591   0.004234  0.003576    2967.9700  -11344.00000   2189.2100        824    1608   1350.7400     72.375  114.488
6104           3  -0.000167   0.001035  0.000511    2876.7600  -11176.40000   2189.5500        824    1608   1350.7400     72.375  114.488
6108           3  -0.000035   0.000020  0.000251    2904.7300  -11188.70000   2189.5200        824    1608   1350.7400     72.375  114.488
6109           3  -0.002906   0.007950  0.004506    2904.6800  -11188.50000   2189.5200        824    1608   1350.7400     72.375  114.488
6116           3  -0.021577   0.051610  0.019432    2869.2100  -11185.70000   2189.5400        824    1608   1350.7400     72.375  114.488
6166           3   0.000569  -0.003790  0.002178    1885.1100  -13761.40000   2184.8600        828    1608   6102.0200     73.262  -82.033
6183           3   0.004422  -0.017821  0.009654    1796.7500  -13913.80000   2184.5600        828    1608   6102.0200     73.262  -82.033
6195           3   0.000077  -0.002195  0.001657    1793.4400  -13967.30000   2184.4400        828    1608   6102.0200     73.262  -82.033
6255           3   0.003648  -0.029697  0.024622   -3274.5700   20069.80000   2167.5600        828    1608   6102.0200     73.262  -82.033
6256           3  -0.002285  -0.049954  0.032839   -3276.6500   20062.70000   2167.5800        828    1608   6102.0200     73.262  -82.033
6294           3   0.006663  -0.006612  0.004171    2025.0300   -6380.00000   2196.4900        828    1608   6102.0200     73.262  -82.033
6322           3   0.055918  -0.405300  0.134050     846.1420    -284.97400   2199.9400        828    1608   6102.0200     73.262  -82.033
6393           3   0.002716   0.000348  0.006113   -2784.6500   -6154.65000   2196.4200        833    1608   6891.6800     71.760 -117.082
6429           3   0.000197  -0.000443  0.000357    2390.1100    1831.60000   2199.2900        833    1608   6891.6800     71.760 -117.082
6430           3  -0.000585  -0.000062  0.001487    2390.1100    1831.78000   2199.2900        833    1608   6891.6800     71.760 -117.082
6431           3  -0.021470  -0.043595  0.007913    2378.5600    1811.69000   2199.3000        833    1608   6891.6800     71.760 -117.082
6436           3  -0.000540  -0.001180  0.001998    2402.1200    1886.78000   2199.2700        833    1608   6891.6800     71.760 -117.082
6443           3  -0.018503  -0.026639  0.009019    2339.9800    1800.21000   2199.3200        833    1608   6891.6800     71.760 -117.082
6471           3  -0.003122  -0.009084  0.003988    1640.6200     306.88300   2199.7800        833    1608   6891.6800     71.760 -117.082
6492           3  -0.024147  -0.043512  0.018838   -2077.7800   -4966.80000   2197.7300        833    1608   6891.6800     71.760 -117.082
6494           3   0.004313  -0.013392  0.012378   -2050.2700   -4832.37000   2197.8400        833    1608   6891.6800     71.760 -117.082
6500           3  -0.001885  -0.001838  0.001041   -1919.8300   -4945.76000   2197.7900        833    1608   6891.6800     71.760 -117.082
6522           3  -0.004698  -0.011898  0.009677     219.9310    1182.47000   2199.8900        833    1608   6891.6800     71.760 -117.082
6549           3  -0.033657   0.011367  0.006817    3435.1400    3062.75000   2198.3400        835    1608   1632.5600     75.009  168.019
6558           3  -0.000261   0.000067  0.000839    3483.7600    3036.90000   2198.3200        835    1608   1632.5600     75.009  168.019
6559           3  -0.018506   0.002802  0.009098    3482.8700    3038.14000   2198.3200        835    1608   1632.5600     75.009  168.019
6685           3  -0.002404  -0.002550  0.005544   -4609.3000   -5870.46000   2195.6300        880    1608   2142.2700     77.806 -126.477
6699           3  -0.002704  -0.001982  0.002161   -4617.8400   -5651.04000   2195.8200        880    1608   2142.2700     77.806 -126.477
6700           3   0.001781  -0.006164  0.006687   -4600.1100   -5650.29000   2195.8400        880    1608   2142.2700     77.806 -126.477
6735           3  -0.010917  -0.026706  0.019596   -3382.7200   -6994.31000   2195.2600        880    1608   2142.2700     77.806 -126.477
6779           3  -0.006215   0.015624  0.002054    5933.9300  -33441.20000   2109.5100        882    1608   1126.3400     76.768  103.885
6789           3  -0.021465   0.112393  0.029218    5991.4000  -33346.10000   2109.9500        882    1608   1126.3400     76.768  103.885
6792           3  -0.006677   0.026051  0.008293    5992.5300  -33363.60000   2109.8600        882    1608   1126.3400     76.768  103.885
6811           3  -0.004362  -0.000867  0.004416      51.5449   -8519.37000   2194.3100        882    1608   1126.3400     76.768  103.885
6812           3  -0.026334   0.122616  0.022846      34.2903   -8143.02000   2194.8000        882    1608   1126.3400     76.768  103.885
6843           3  -0.019885  -0.019180  0.010773  -11546.8000  -11836.60000   2178.5500        886    1608    985.8370     73.924 -140.908
6863           3  -0.017027  -0.008298  0.004308  -11524.7000  -11875.70000   2178.5200        886    1608    985.8370     73.924 -140.908
6894           3   0.000652   0.001745  0.000761  -73879.5000  -76999.90000   1306.6200        895    1608   2189.0600     85.320   50.203
6916           3   0.002381   0.007932  0.009350  -62250.6000 -133317.00000    501.4490        901    1608    513.3000     81.708   66.899
6979           3  -0.000284   0.001412  0.000581   -5206.4900    5067.48000   2195.8600        917    1608   1660.3200     79.537  157.957
7017           3  -0.591455   0.190343  0.117870   15838.1000  -12075.10000   2168.8800        917    1608   1660.3200     79.537  157.957
7026           3  -0.166809   0.051404  0.038481   15822.9000  -12058.20000   2168.9500        917    1608   1660.3200     79.537  157.957
7032           3  -0.003219   0.002980  0.001328   15819.5000  -12044.10000   2168.9900        917    1608   1660.3200     79.537  157.957
7040           3  -0.009147  -0.001328  0.006723   23704.7000  -11508.50000   2145.5300        917    1608   1660.3200     79.537  157.957
7045           3  -0.030263   0.011799  0.015287   23649.8000  -11474.80000   2145.7900        917    1608   1660.3200     79.537  157.957
7061           3   0.001091   0.002822  0.002855   80446.9000 -198604.00000  -1403.0400        918    1608   1186.6400     82.901  109.479
7099           3  -0.001504  -0.005873  0.002874    -642.4280    1950.97000   2199.6700        923    1608   4671.4900     78.982  -95.878
7130           3   0.003519  -0.010282  0.003929    -116.5750  -19207.10000   2171.0600        923    1608   4671.4900     78.982  -95.878
7165           3  -0.004557  -0.012152  0.000634    -108.9020  -18403.90000   2173.4300        923    1608   4671.4900     78.982  -95.878
7166           3  -0.000300  -0.000318  0.000055    -105.1210  -18399.50000   2173.4400        923    1608   4671.4900     78.982  -95.878
7167           3  -0.026523  -0.137786  0.034074    -105.2810  -18404.70000   2173.4300        923    1608   4671.4900     78.982  -95.878
7193           3  -0.000009  -0.000123  0.000718    -260.2750  -18347.10000   2173.5900        923    1608   4671.4900     78.982  -95.878
7264           3   0.019482   0.045189  0.023338   -5103.6200   -6696.94000   2194.4400        949    1608   2589.4100     71.468   66.194
7304           3  -0.000143   0.000100  0.000219     704.7960 -110612.00000   1240.0500        954    1608     79.1321     71.726   94.101
7338           3  -0.030452  -0.006083  0.011845    6424.5400     807.00000   2196.7100        955    1608   3604.5200     76.587  175.418
7354           3   0.000341   0.001431  0.001346   -7811.4700  -41827.00000   2057.9600        959    1608    880.3990     72.196   85.805
7389           3   0.001957  -0.003600  0.001192   -8499.0300    4781.94000   2192.5400        971    1608   1146.1400     74.270  -36.656
7394           3   0.012711  -0.006898  0.012435   -8560.1400    4864.43000   2192.4000        971    1608   1146.1400     74.270  -36.656
7399           3  -0.008086  -0.042639  0.012022   -1975.9000  -40849.60000   2068.7800        974    1608    743.8910     70.935 -101.644
7405           3   0.001322  -0.005527  0.004000   -1927.4800  -40882.10000   2068.5900        974    1608    743.8910     70.935 -101.644
7472           3  -0.002151   0.004321  0.001571     165.1910   -1303.26000   2199.8600        981    1608   4252.3300     70.959   68.621
7491           3  -0.001349   0.011826  0.007220   -1150.8600   -5398.08000   2197.6100        981    1608   4252.3300     70.959   68.621
7512           3  -0.001232   0.007633  0.001887     709.2020    1508.75000   2199.7800        981    1608   4252.3300     70.959   68.621
7564           3   0.033145   0.069843  0.027293   -1010.5000     764.76500   2199.8700        981    1608   4252.3300     70.959   68.621
7640           3  -0.000021   0.000150  0.000920     231.1890   -7075.92000   2196.0700        985    1608    861.5020     71.872 -113.791
7646           3  -0.032218  -0.062850  0.034345     161.0900   -6737.18000   2196.4400        985    1608    861.5020     71.872 -113.791
7662           3  -0.059255  -0.108671  0.063353   -2005.7500      31.74960   2199.6800        985    1608    861.5020     71.872 -113.791
7713           3  -0.004848  -0.009177  0.007060  -11091.2000  -28297.90000   2127.5300        987    1608    739.2980     71.335 -104.042
7749           3  -0.000829  -0.001536  0.005009   -2718.4300   -5578.39000   2196.9800        997    1608    913.2140     74.244 -146.667
7753           3  -0.009848  -0.006091  0.006458   -2827.4800   -5615.92000   2196.9000        997    1608    913.2140     74.244 -146.667
7772           3   0.203816   0.084074  0.097115   -9483.4200   -7353.69000   2188.7000       1000    1608   1835.4100     70.243   28.290
7784           3   0.002856   0.003429  0.003265   -9501.4400   -7382.29000   2188.6400       1000    1608   1835.4100     70.243   28.290
7846           3   0.005596  -0.006654  0.002912    5814.2700  -16368.00000   2176.3300       1003    1608   1887.2800     70.908  -72.826
7856           3   0.019636  -0.049982  0.017477    5896.8000  -16693.40000   2175.4100       1003    1608   1887.2800     70.908  -72.826
7866           3   0.117778  -0.380554  0.093515    5913.0700  -16697.70000   2175.3800       1003    1608   1887.2800     70.908  -72.826
7892           3   0.001389  -0.012055  0.009366    4270.6800  -16403.80000   2177.4600       1003    1608   1887.2800     70.908  -72.826
7921           3  -0.001285   0.001213  0.000597  -18723.3000  -27010.60000   2115.2600       1010    1608    312.7370     73.538 -143.897
8020           3  -0.002365  -0.003867  0.002479    4897.2400   37328.60000   2088.8000       1026    1608   2207.6300     86.002 -101.744
8054           3   0.194537   0.116751  0.058304  -42800.9000  -17018.20000   2033.5600       1027    1608   7270.6000     82.270   28.417
8061           3   0.000481   0.003307  0.002893  -42815.8000  -17018.30000   2033.4600       1027    1608   7270.6000     82.270   28.417
8116           3  -0.006112  -0.004168  0.001619     753.8610    1155.27000   2199.8500       1028    1608   1453.7000     71.083 -135.089
8129           3  -0.003884   0.006901  0.004507   12533.2000  -17210.70000   2164.4400       1031    1608    672.2350     73.912  134.994
8136           3  -0.006221   0.006050  0.001734   11714.3000  -16875.70000   2166.8900       1031    1608    672.2350     73.912  134.994
8143           3  -0.006358   0.008858  0.005135   12600.1000  -17218.10000   2164.2900       1031    1608    672.2350     73.912  134.994
8185           3  -0.002351  -0.000163  0.000509  -19750.4000  -13043.40000   2156.0500       1037    1608   2006.1000     74.039 -147.958
8186           3  -0.030939  -0.021266  0.013547  -19948.5000  -13253.10000   2155.0000       1037    1608   2006.1000     74.039 -147.958
8204           3  -0.000143   0.000457  0.001168   -5037.2600   -1627.70000   2197.8000       1037    1608   2006.1000     74.039 -147.958
8239           3  -0.179336  -0.115850  0.059510  -12547.3000   -7029.58000   2183.7700       1037    1608   2006.1000     74.039 -147.958
8261           3  -0.001938  -0.000636  0.001964  -12468.3000   -7002.75000   2183.9600       1037    1608   2006.1000     74.039 -147.958
8268           3  -0.712381  -0.437693  0.272204    7713.5600    4989.69000   2193.3800       1037    1608   2006.1000     74.039 -147.958
8286           3  -0.003537  -0.003132  0.007376 -190020.0000 -405795.00000 -13570.4000       1046    1608     33.0722     83.130   66.775
8308           3  -0.000994   0.001937  0.004771  -68403.5000  -71407.30000   1432.8700       1054    1608     91.5771     72.081   49.824
8319           3  -0.164668  -0.055682  0.080758   15238.0000   -4431.63000   2180.2400       1057    1608   1599.5700     74.075 -172.005
8331           3  -0.037325   0.015422  0.015063   -3526.4900   -2903.73000   2198.3600       1057    1608   1599.5700     74.075 -172.005
8357           3  -0.021236  -0.006678  0.006913   12387.2000     305.39300   2187.9600       1057    1608   1599.5700     74.075 -172.005
8415           3  -0.217541   0.177724  0.091753   -2798.9300   -1500.58000   2199.2100       1073    1608   1612.8400     72.489  137.268
8455           3  -0.041190   0.020610  0.033189    -637.6100   -4826.87000   2198.1400       1073    1608   1612.8400     72.489  137.268
8496           3  -0.001416  -0.001160  0.001713   -9686.1800    -611.92200   2192.6100       1074    1608   2259.3900     70.923  146.396
8520           3   0.001818  -0.000112  0.002836  -53363.9000 -143655.00000    357.3830       1084    1608    879.1750     85.051   71.819
8521           3   0.000126   0.003361  0.003323  -53370.3000 -143635.00000    357.7800       1084    1608    879.1750     85.051   71.819
8563           3  -0.000061   0.041494  0.016975   -1605.2500   -8423.50000   2194.2300       1091    1608   1576.7700     77.398   91.672
8576           3  -0.055056   1.469980  0.263659   -1645.6200   -8281.82000   2194.4100       1091    1608   1576.7700     77.398   91.672
8583           3  -0.000694   0.001699  0.000249   -1640.0400   -8306.29000   2194.3800       1091    1608   1576.7700     77.398   91.672
8584           3  -0.011805   1.362550  0.243196   -1638.6300   -8294.18000   2194.3900       1091    1608   1576.7700     77.398   91.672
8603           3  -0.017429   0.606456  0.115534   -1641.2700   -8297.22000   2194.3900       1091    1608   1576.7700     77.398   91.672
8618           3   0.001182  -0.010898  0.006530   -2277.7400  -13687.80000   2184.8900       1092    1608    680.0540     71.168 -120.449
8641           3   0.000512  -0.003012  0.004771   -2231.1800  -13607.40000   2185.0800       1092    1608    680.0540     71.168 -120.449
8652           3  -0.025625  -0.051490  0.017854   -2315.0500  -13778.20000   2184.6900       1092    1608    680.0540     71.168 -120.449
8661           3   0.000782  -0.013141  0.002741   -2295.1400  -13766.00000   2184.7200       1092    1608    680.0540     71.168 -120.449
8676           3  -0.005964  -0.006987  0.005029   -2321.3300  -13594.70000   2185.0800       1092    1608    680.0540     71.168 -120.449
8754           3   0.000122   0.000225  0.000976   -4750.9100   -4608.24000   2196.5600       1125    1608   2486.7600     75.220   40.869
8755           3   0.000183   0.000722  0.001235   -4748.9200   -4606.47000   2196.5700       1125    1608   2486.7600     75.220   40.869
8758           3   0.325475   0.264284  0.118483   -4719.8400   -4581.03000   2196.6100       1125    1608   2486.7600     75.220   40.869
8800           3  -0.004347   0.001491  0.004617   -1692.7300   -2985.55000   2199.0800       1133    1608   1393.4600     74.227 -177.477
8804           3  -0.013793   0.000891  0.013784   -1409.2800   -2964.55000   2199.1500       1133    1608   1393.4600     74.227 -177.477
8844           3  -0.001939   0.004435  0.000467   -1724.6700   -2981.96000   2199.0700       1133    1608   1393.4600     74.227 -177.477
8857           3  -0.067653  -0.012133  0.026231   -1737.9100   -2984.69000   2199.0600       1133    1608   1393.4600     74.227 -177.477
8979           3  -0.011861  -0.001165  0.007828   -2597.0700   -8439.63000   2193.8800       1157    1608    761.9730     70.912 -166.762
8995           3  -0.000464   0.000323  0.001020  118822.0000 -231001.00000  -3095.9900       1159    1608    317.8760     84.653  118.997
9024           3   0.010132  -0.008432  0.044245  -51836.8000  -24179.00000   1943.3300       1175    1608    256.8520     70.637   25.537
9046           3   0.000952  -0.001011  0.002583  -42746.3000  -18541.10000   2029.6800       1186    1608    206.4360     70.375   17.214
9072           3   0.007451   0.004682  0.006556   -1598.7100    3226.57000   2198.9800       1197    1608    996.7870     72.849   18.030
9094           3   0.020556  -0.004284  0.008947   -1569.2900    3132.07000   2199.0400       1197    1608    996.7870     72.849   18.030
9106           3   0.059724   0.018313  0.020065   -1497.9900    3191.62000   2199.0200       1197    1608    996.7870     72.849   18.030
9114           3   0.013466   0.001559  0.009044   -1505.2700    3171.54000   2199.0300       1197    1608    996.7870     72.849   18.030
9116           3   0.001753  -0.002132  0.004207   -1545.9300    3131.88000   2199.0400       1197    1608    996.7870     72.849   18.030
9121           3   0.074761   0.023327  0.025326   -1473.0900    3193.03000   2199.0300       1197    1608    996.7870     72.849   18.030
9148           3   0.002332  -0.003111  0.002357   -2644.2500    4835.84000   2197.6200       1203    1608   2181.6300     77.886   16.248
9154           3   0.020354   0.014238  0.014921   -2725.8700    4840.21000   2197.5800       1203    1608   2181.6300     77.886   16.248
9162           3   0.001422   0.000550  0.001846   -2635.8400    4846.43000   2197.6100       1203    1608   2181.6300     77.886   16.248
9169           3   0.213833   0.081598  0.054963   -2635.8200    4857.44000   2197.6000       1203    1608   2181.6300     77.886   16.248
9181           3   0.005551   0.004306  0.003686  -14249.4000  -14678.30000   2167.1700       1209    1608    291.7330     71.058   37.829
9203           3  -0.033400   0.041752  0.031058    8193.2100  -11718.20000   2183.9600       1217    1608    583.6670     70.491  131.109
9256           3   0.007620  -0.002999  0.005094   -2988.6400       3.63952   2199.3000       1235    1608    587.8850     70.132   -0.289
9268           3   0.003018   0.001675  0.005107   -2750.7400     -20.36210   2199.4100       1235    1608    587.8850     70.132   -0.289
9292           3  -0.021698   0.017467  0.011751    -570.3390    -227.19700   2199.9700       1237    1608   1045.7100     82.272  163.475
9343           3  -0.009042   0.014705  0.009684   25141.0000  -38329.90000   2035.1600       1261    1608    550.9000     77.083  133.897
9376           3   0.005424   0.001227  0.004658   -4351.1000    -453.44200   2198.5000       1264    1608    693.2130     71.096   27.322
9385           3   0.080960   0.054016  0.049375   -4387.3400    -423.49800   2198.4800       1264    1608    693.2130     71.096   27.322
9388           3   0.001881   0.002472  0.016890   -5381.1200   -1845.08000   2197.4600       1264    1608    693.2130     71.096   27.322
9426           3   0.001000  -0.000807  0.000552   29116.2000   20882.50000   2099.2800       1271    1608    845.8110     76.036 -133.968
9466           3  -0.009002  -0.009865  0.016334   -1000.9200   -3509.04000   2198.9600       1282    1608   2287.6000     75.308 -143.831
9473           3   0.004862  -0.008998  0.006118   10267.7000  -18744.20000   2164.1700       1287    1608   4983.4800     74.897  -62.060
9483           3   0.027894  -0.037336  0.011540   10293.4000  -18788.30000   2164.0000       1287    1608   4983.4800     74.897  -62.060
9491           3   0.014139  -0.020103  0.002050   10248.5000  -18709.60000   2164.3000       1287    1608   4983.4800     74.897  -62.060
9493           3   0.014007  -0.024798  0.003273   10287.3000  -18777.60000   2164.0400       1287    1608   4983.4800     74.897  -62.060
9529           3   0.003871  -0.005565  0.008115   -4453.8200    4327.41000   2196.9700       1287    1608   4983.4800     74.897  -62.060
9541           3   0.004911  -0.007333  0.005050   -4264.6200    4041.46000   2197.2900       1287    1608   4983.4800     74.897  -62.060
9558           3   0.001500  -0.000936  0.001213   -4300.6200    4062.17000   2197.2500       1287    1608   4983.4800     74.897  -62.060
9559           3   0.002506  -0.006596  0.002215   -4300.5600    4061.91000   2197.2500       1287    1608   4983.4800     74.897  -62.060
9572           3   0.089325  -0.210593  0.082163   -4259.3700    3961.73000   2197.3500       1287    1608   4983.4800     74.897  -62.060
9585           3   0.013639  -0.031983  0.007360     968.1630   -1644.07000   2199.7100       1287    1608   4983.4800     74.897  -62.060
9587           3   0.041426  -0.079752  0.028216     966.9290   -1641.36000   2199.7200       1287    1608   4983.4800     74.897  -62.060
9595           3   0.044224  -0.095060  0.037701     964.0770   -1638.53000   2199.7200       1287    1608   4983.4800     74.897  -62.060
9602           3   0.474681  -0.900292  0.281596     967.3190   -1641.87000   2199.7200       1287    1608   4983.4800     74.897  -62.060
9610           3   0.001921  -0.003399  0.002217     869.6100   -1478.23000   2199.7700       1287    1608   4983.4800     74.897  -62.060
9620           3   0.004195  -0.003827  0.003393     996.4840   -1740.11000   2199.6800       1287    1608   4983.4800     74.897  -62.060
9630           3   0.030417  -0.049345  0.015567     985.5530   -1661.80000   2199.7100       1287    1608   4983.4800     74.897  -62.060
9634           3  -0.000333   0.000265  0.000822     975.8720   -1652.29000   2199.7100       1287    1608   4983.4800     74.897  -62.060
9636           3   0.000752   0.000050  0.001134     984.7720   -1666.18000   2199.7100       1287    1608   4983.4800     74.897  -62.060
9644           3   0.000868   0.000366  0.002513     914.7900   -1643.36000   2199.7200       1287    1608   4983.4800     74.897  -62.060
9653           3   0.068054  -0.119070  0.047066     967.5680   -1630.93000   2199.7200       1287    1608   4983.4800     74.897  -62.060
9661           3   0.038742  -0.081126  0.021977     968.1480   -1641.92000   2199.7100       1287    1608   4983.4800     74.897  -62.060
9666           3   0.018083  -0.034352  0.013402     966.9330   -1643.39000   2199.7100       1287    1608   4983.4800     74.897  -62.060
9685           3   0.016906  -0.019039  0.012450     985.7630   -1645.06000   2199.7100       1287    1608   4983.4800     74.897  -62.060
9687           3   0.036212  -0.071246  0.024194     953.5350   -1621.01000   2199.7200       1287    1608   4983.4800     74.897  -62.060
9701           3   0.084988  -0.129130  0.047871     973.4730   -1620.58000   2199.7200       1287    1608   4983.4800     74.897  -62.060
9714           3   0.161877  -0.293777  0.081602     974.0870   -1650.48000   2199.7100       1287    1608   4983.4800     74.897  -62.060
9724           3   0.010299  -0.032255  0.015831     934.0880   -1599.40000   2199.7300       1287    1608   4983.4800     74.897  -62.060
9732           3   0.279293  -0.512895  0.158224     968.0080   -1642.89000   2199.7100       1287    1608   4983.4800     74.897  -62.060
9744           3  -0.000112  -0.002072  0.001560     939.7810   -1615.44000   2199.7300       1287    1608   4983.4800     74.897  -62.060
9752           3   0.002118  -0.001062  0.003961     993.3840   -1586.31000   2199.7300       1287    1608   4983.4800     74.897  -62.060
9755           3  -0.000187   0.000616  0.000444     926.9170   -1560.24000   2199.7400       1287    1608   4983.4800     74.897  -62.060
9756           3   0.002039   0.000036  0.001114     929.9830   -1560.87000   2199.7400       1287    1608   4983.4800     74.897  -62.060
9768           3   1.405500  -2.640010  0.808326     968.7700   -1644.66000   2199.7100       1287    1608   4983.4800     74.897  -62.060
9785           3  12.544200 -23.708500  7.380890     967.5340   -1642.43000   2199.7100       1287    1608   4983.4800     74.897  -62.060
9826           3   0.003572  -0.003920  0.002459   -6579.2600   -1078.68000   2196.5100       1290    1608   1099.3700     70.488  -24.425
9908           3  -0.006913  -0.024071  0.004150  -13303.6000  -35980.20000   2084.5600       1316    1608    549.4280     81.902 -115.379
9925           3  -0.113332  -0.213119  0.062914  -13298.9000  -35855.80000   2085.2700       1316    1608    549.4280     81.902 -115.379
9932           3   0.000694   0.000133  0.000160  -13265.0000  -35803.90000   2085.6300       1316    1608    549.4280     81.902 -115.379
9937           3  -0.054428  -0.085596  0.035242  -13281.5000  -35828.30000   2085.4600       1316    1608    549.4280     81.902 -115.379
9948           3  -0.271160  -0.492757  0.163322  -13298.3000  -35858.90000   2085.2500       1316    1608    549.4280     81.902 -115.379
10020          3  -0.000305   0.001179  0.001198    2526.3000  -10666.10000   2190.5700       1338    1608   2055.0400     71.776  110.076
10062          3  -0.013787  -0.022363  0.014633    1566.4000  -18765.30000   2172.1800       1351    1608    205.5060     71.054 -121.405
10072          3   0.000354   0.000497  0.000782  -22095.8000  -52893.30000   1942.2200       1352    1608    162.6490     71.572   71.206
10073          3   0.020091   0.052060  0.025270  -22096.6000  -52893.20000   1942.2100       1352    1608    162.6490     71.572   71.206
10080          3   0.015436  -0.030707  0.017054   75929.3000 -101648.00000    937.0210       1356    1608   1272.0900     81.905  -56.978
10116          3  -0.009935   0.005484  0.003728   11627.6000  -20175.80000   2157.4600       1361    1608    362.9710     70.406  127.753
10189          3  -0.019324   0.043712  0.006535     263.1320    1966.91000   2199.6900       1380    1608   3790.7900     78.248  119.262
10196          3  -0.277688   0.501044  0.101493     230.0190    1965.25000   2199.6900       1380    1608   3790.7900     78.248  119.262
10199          3  -0.000403   0.003002  0.001530   10566.5000  -25488.10000   2140.2800       1380    1608   3790.7900     78.248  119.262
10228          3   0.026551  -0.150527  0.063660    4498.4000   -3563.22000   2197.4200       1388    1608    836.2560     75.140  -80.359
10250          3   0.026573  -0.089076  0.035107    4514.3100   -3539.21000   2197.4200       1388    1608    836.2560     75.140  -80.359
10271          3   0.002756  -0.007694  0.002551    -404.7960   -3330.93000   2199.1200       1390    1608   1882.9600     71.228  -95.352
10287          3  -0.002565  -0.030013  0.013525    1464.6900   -6117.65000   2196.9000       1390    1608   1882.9600     71.228  -95.352
10302          3  -0.461889  -0.380545  0.161800     132.1250   -4762.10000   2198.2200       1396    1608    550.0810     74.829 -141.522
10359          3   0.015438  -0.006128  0.004395   12146.9000   -9173.42000   2181.8200       1398    1608   3130.1500     77.007  -28.991
10397          3   0.075390   0.045489  0.030884  -35808.6000  -14009.70000   2084.0100       1408    1608    780.1730     78.491   23.460
10419          3   0.000227  -0.007727  0.006533    -847.4910    9948.49000   2192.1800       1412    1608    622.0010     74.353  -96.220
10427          3   0.080495  -0.478969  0.117195    2455.2600  -14508.90000   2183.0100       1413    1608   1704.9800     80.820  -78.827
10466          3  -0.009574   0.005688  0.001910    7118.0800   -9242.14000   2189.3200       1420    1608    878.9290     75.535  151.149
10513          3  -0.005015  -0.006243  0.030912 -122675.0000 -822335.00000 -52263.6000       1431    1608     69.2383     89.360   82.663
10553          3  -0.003231  -0.000751  0.001510  -11619.9000  -12827.00000   2176.5000       1453    1608   2530.7700     72.950 -160.752
10612          3   0.000071   0.004533  0.004147  -20140.1000 -120626.00000   1026.5900       1458    1608    574.3210     81.461   81.841
10629          3   0.000983   0.003074  0.004202  -20108.0000 -120334.00000   1032.2100       1458    1608    574.3210     81.461   81.841
10633          3  -0.002244   0.040799  0.021276  -20072.3000 -120173.00000   1035.3600       1458    1608    574.3210     81.461   81.841
10653          3  -0.000479  -0.000160  0.000843  -20105.1000 -120301.00000   1032.8400       1458    1608    574.3210     81.461   81.841
10670          3   0.000006  -0.000854  0.002374  -26676.0000 -111586.00000   1167.2800       1458    1608    574.3210     81.461   81.841
10675          3   0.001060   0.004516  0.001895  -26686.0000 -111566.00000   1167.5900       1458    1608    574.3210     81.461   81.841
10687          3   0.011301   0.131053  0.025119  -26665.6000 -111518.00000   1168.5100       1458    1608    574.3210     81.461   81.841
10721          3  -0.001503   0.004455  0.001970  -26646.4000 -111491.00000   1169.0700       1458    1608    574.3210     81.461   81.841
10722          3  -0.000151   0.000232  0.000319  -26666.2000 -111574.00000   1167.5300       1458    1608    574.3210     81.461   81.841
10723          3   0.001131   0.003301  0.003465  -26666.5000 -111574.00000   1167.5300       1458    1608    574.3210     81.461   81.841
10743          3  -0.000556   0.000105  0.000031  -26625.0000 -111755.00000   1164.5300       1458    1608    574.3210     81.461   81.841
10775          3  -0.000835  -0.004755  0.001476   -2801.1900  -20011.40000   2167.9700       1472    1608    472.0020     74.808 -112.705
10776          3  -0.000998  -0.005861  0.002970   -2791.2600  -20013.60000   2167.9700       1472    1608    472.0020     74.808 -112.705
10806          3  -0.002239  -0.012456  0.001478     780.3350   19180.60000   2171.0900       1478    1608   5617.4400     83.424  -95.254
10878          3  -0.001002   0.000306  0.002450  -86395.5000 -113787.00000    598.5030       1486    1608     29.3697     71.731   54.200
10920          3   0.058435   0.087395  0.035101  -17572.2000  -24581.40000   2128.3700       1487    1608   2598.1000     79.997   53.121
10958          3  -0.002193   0.002445  0.002707   14737.3000  -47466.90000   2006.2000       1495    1608   3345.6100     83.154  110.967
10965          3  -0.001073  -0.004435  0.001903   14822.4000  -47814.20000   2003.4100       1495    1608   3345.6100     83.154  110.967
11009          3  -0.000450  -0.000520  0.001391   -6213.7500    -648.26200   2196.9400       1496    1608   7256.0200     81.578   -0.832
11044          3   0.016425   0.005846  0.007299 -131477.0000  -62621.60000    536.0580       1498    1608    625.4790     83.338   26.557
11063          3   0.049288   0.022246  0.015462 -131357.0000  -62582.70000    538.9150       1498    1608    625.4790     83.338   26.557
11065          3   0.000431  -0.000026  0.001399 -131343.0000  -62593.70000    539.0950       1498    1608    625.4790     83.338   26.557
11070          3   0.195785   0.106500  0.060528 -131283.0000  -62538.20000    540.8760       1498    1608    625.4790     83.338   26.557
11072          3   0.000140  -0.000279  0.000739 -131420.0000  -62550.60000    537.9310       1498    1608    625.4790     83.338   26.557
11080          3   0.042279   0.009016  0.022416 -131494.0000  -62719.90000    534.7400       1498    1608    625.4790     83.338   26.557
11112          3   0.032033   0.020634  0.009732 -131365.0000  -62555.20000    539.0200       1498    1608    625.4790     83.338   26.557
11127          3   0.048737   0.024241  0.008796 -131266.0000  -62538.90000    541.2200       1498    1608    625.4790     83.338   26.557
11144          3   0.338141   0.185565  0.082488 -131267.0000  -62533.50000    541.2520       1498    1608    625.4790     83.338   26.557
11191          3   0.000485   0.000850  0.001436   19489.0000  -54341.80000   1938.5300       1513    1608    181.0590     71.707  121.791
11192          3  -0.051370   0.020034  0.030503   19482.3000  -54339.00000   1938.5800       1513    1608    181.0590     71.707  121.791
11203          3  -0.001833   0.005444  0.004353   34987.2000 -102436.00000   1280.7200       1518    1608    297.9920     77.619  112.916
11299          3  -0.005344   0.002995  0.003556    4041.6500  -21708.70000   2161.7500       1523    1608    483.4310     71.027  108.645
11317          3   0.002086   0.047896  0.011230    4052.5100  -21751.10000   2161.6000       1523    1608    483.4310     71.027  108.645
11348          3   0.000031  -0.000163  0.000393   -7528.2600    6375.26000   2192.3700       1526    1608   6490.9600     77.564  -34.667
11352          3   0.006393   0.001419  0.006118   -7569.5400    6442.62000   2192.2500       1526    1608   6490.9600     77.564  -34.667
11377          3   0.005314  -0.003536  0.006356   -7451.7900    6362.43000   2192.4700       1526    1608   6490.9600     77.564  -34.667
11402          3   0.014587  -0.009740  0.003596  -13592.3000    6891.41000   2181.7800       1526    1608   6490.9600     77.564  -34.667
11407          3   0.085029  -0.070900  0.037390  -13623.1000    6913.14000   2181.6900       1526    1608   6490.9600     77.564  -34.667
11479          3  -0.007040   0.002764  0.008385   12556.7000  -11712.20000   2176.8700       1549    2412   1323.5700     71.784  143.461
11481          3  -0.046226   0.030918  0.025809   12539.1000  -11693.10000   2176.9400       1549    2412   1323.5700     71.784  143.461
11504          3  -0.002464   0.000415  0.000944   12562.6000  -11702.40000   2176.8800       1549    2412   1323.5700     71.784  143.461
11519          3  -0.015671   0.003197  0.002395    3245.7000   -1043.07000   2199.0900       1550    2412    964.0580     70.070  174.764
11542          3   0.000576  -0.002396  0.001615    4726.2900     108.20200   2198.2500       1554    2412   1169.7900     70.273  -83.397
11637          3   0.000444  -0.000096  0.000860  -25294.4000  -16801.80000   2127.6600       1560    2412   6168.4500     79.528 -148.255
11654          3  -0.034190  -0.020043  0.008191  -25599.9000  -17269.00000   2125.1900       1560    2412   6168.4500     79.528 -148.255
11670          3  -0.317447  -0.217218  0.050982  -25614.3000  -17281.30000   2125.1000       1560    2412   6168.4500     79.528 -148.255
11699          3  -0.000011   0.000162  0.000236  -25516.7000  -17208.70000   2125.6900       1560    2412   6168.4500     79.528 -148.255
11700          3  -0.054879  -0.037526  0.017088  -25517.1000  -17209.10000   2125.6900       1560    2412   6168.4500     79.528 -148.255
11770          3  -0.008929  -0.001811  0.002638   20258.3000    2700.46000   2167.2300       1564    2412   1038.1000     76.494 -170.474
11783          3  -0.002251   0.009514  0.010251   13068.1000  -28367.30000   2123.4700       1567    2412    437.4210     71.267  125.898
11815          3  -0.069146  -0.037658  0.020085   -2244.4600   -2354.88000   2199.1700       1572    2412   2888.0200     73.320 -158.905
11860          3   0.000299   0.000257  0.000188   -3575.5500   -1636.41000   2198.7900       1573    2412   5277.4600     74.091   36.845
11879          3   0.000260   0.000750  0.000808   -2153.7900   -1708.60000   2199.4100       1573    2412   5277.4600     74.091   36.845
11880          3   0.043514   0.026150  0.021087   -2152.3100   -1710.74000   2199.4100       1573    2412   5277.4600     74.091   36.845
11886          3   0.120609   0.081634  0.038504   -3512.0200   -1562.96000   2198.8400       1573    2412   5277.4600     74.091   36.845
11897          3   0.000664  -0.000668  0.001057   -3524.0400   -1571.47000   2198.8300       1573    2412   5277.4600     74.091   36.845
11898          3   0.145455   0.105921  0.057143   -3523.7200   -1571.15000   2198.8300       1573    2412   5277.4600     74.091   36.845
11978          3   0.032407   0.011337  0.012591   -8994.0700   -1192.35000   2193.5400       1585    2412    638.6120     72.593   14.399
12088          3   0.005043   0.081117  0.013291   -8337.5200 -209900.00000  -1262.7300       1612    2412   3024.4800     86.553   88.505
12092          3  -0.001021  -0.000051  0.001728   -8345.2500 -209954.00000  -1264.5200       1612    2412   3024.4800     86.553   88.505
12115          3  -0.017906   0.253530  0.046584   -8350.6900 -209922.00000  -1263.4700       1612    2412   3024.4800     86.553   88.505
12126          3  -0.002104   0.001736  0.001430   -8347.5300 -210067.00000  -1268.2400       1612    2412   3024.4800     86.553   88.505
12144          3  -0.001806   0.026253  0.019114    2688.9100  -31420.60000   2121.9800       1613    2412   1606.0400     72.359   94.443
12162          3  -0.000562  -0.000513  0.001215    2477.9000  -31547.80000   2121.4400       1613    2412   1606.0400     72.359   94.443
12274          3  -0.039116   0.012707  0.020055    9534.2300   -6839.12000   2189.2000       1643    2412    993.8280     76.414  170.630
12275          3  -0.000059  -0.000125  0.000851    9560.7900   -6849.40000   2189.1500       1643    2412    993.8280     76.414  170.630
12336          3  -0.000420  -0.000394  0.000490     770.1570   -2145.91000   2199.5900       1660    2412   1451.7300     72.196  -79.380
12337          3   0.010625  -0.055359  0.007419     770.1650   -2145.94000   2199.5900       1660    2412   1451.7300     72.196  -79.380
12339          3   0.095687  -0.485914  0.169031     761.1590   -2103.66000   2199.6100       1660    2412   1451.7300     72.196  -79.380
12398          3   0.000219  -0.000431  0.000555   -4102.0500  -33802.10000   2109.0400       1672    2412    806.1720     71.762   84.854
12418          3   0.003719   0.018003  0.003646  -22000.0000  -16325.60000   2141.1200       1676    2412    737.6490     75.438   49.835
12492          3  -0.000375   0.019837  0.011346   37584.7000 -113698.00000   1074.9400       1688    2412    924.6470     82.150  111.008
12497          3  -0.014264   0.043019  0.014495   37554.3000 -113627.00000   1076.3800       1688    2412    924.6470     82.150  111.008
12507          3  -0.281591   0.643869  0.219598   37558.5000 -113639.00000   1076.1500       1688    2412    924.6470     82.150  111.008
12515          3  -0.045457   0.116209  0.038312   37561.3000 -113638.00000   1076.1500       1688    2412    924.6470     82.150  111.008
12647          3   0.000323   0.004038  0.002060    3339.3400   -1859.41000   2198.8500       1702    2412   2183.2200     72.908  163.527
12666          3  -0.001653  -0.001450  0.001811    2310.4100   -1859.19000   2199.3100       1702    2412   2183.2200     72.908  163.527
12718          3  -0.001587   0.000600  0.001454    4681.1000    2633.75000   2197.7400       1702    2412   2183.2200     72.908  163.527
12719          3  -0.006228  -0.000287  0.000822    4679.1100    2633.01000   2197.7400       1702    2412   2183.2200     72.908  163.527
12732          3  -0.029116   0.020071  0.017278    4580.8100    2815.96000   2197.7300       1702    2412   2183.2200     72.908  163.527
12744          3  -0.001444   0.000998  0.000012   10849.9000   -4588.66000   2189.1100       1702    2412   2183.2200     72.908  163.527
12750          3  -0.002733  -0.002010  0.000758    7281.7100   -4948.40000   2193.9200       1702    2412   2183.2200     72.908  163.527
12782          3  -0.009702   0.002745  0.003907    3595.2900   -5027.90000   2197.0000       1702    2412   2183.2200     72.908  163.527
12813          3  -0.328892   0.050965  0.114616    3621.8200   -5043.83000   2196.9800       1702    2412   2183.2200     72.908  163.527
12840          3   0.001730   0.001019  0.000853  -22256.5000  -21333.40000   2125.4400       1709    2412   1468.3100     75.926   41.921
12895          3  -0.006094  -0.005721  0.009747    5595.9000   -1096.87000   2197.4500       1719    2412    715.4040     76.328 -156.656
12918          3   0.002495  -0.000795  0.002195    1412.6600   -2224.49000   2199.4600       1720    2412   4285.2800     73.290  136.219
12921          3  -0.003444   0.002954  0.000439    1407.5800   -2046.16000   2199.5200       1720    2412   4285.2800     73.290  136.219
12975          3   0.011059   0.015209  0.017627  -89385.2000  -30327.20000   1501.0200       1730    2412    210.0430     73.655   19.433
12980          3   0.000264   0.004028  0.007844  -90956.5000  -32188.80000   1469.6500       1730    2412    210.0430     73.655   19.433
13016          3  -0.011746  -0.002046  0.008632    3562.8400   -2104.28000   2198.6600       1739    2412   1864.1500     74.479 -157.472
13074          3  -0.002758   0.001543  0.002104   28249.8000    8057.45000   2132.3000       1757    2412   3435.0900     71.724 -167.178
13178          3  -0.003590   0.004074  0.013705    8712.3000  -36854.60000   2087.4900       1786    2412   1571.7400     78.252  107.179
13193          3  -0.001147   0.006514  0.002806    8815.4400  -36658.60000   2088.4800       1786    2412   1571.7400     78.252  107.179
13219          3  -0.002164   0.001739  0.003894    8993.9600  -36653.40000   2088.2600       1786    2412   1571.7400     78.252  107.179
13224          3  -0.000486   0.000061  0.000367    8817.4600  -36660.00000   2088.4700       1786    2412   1571.7400     78.252  107.179
13225          3  -0.003006   0.012505  0.003394    8816.6800  -36656.00000   2088.4900       1786    2412   1571.7400     78.252  107.179
13240          3  -0.017773   0.049304  0.031764    9309.4200  -42268.20000   2053.0400       1786    2412   1571.7400     78.252  107.179
13254          3  -0.014362   0.022587  0.009456    9280.8100  -42265.60000   2053.1000       1786    2412   1571.7400     78.252  107.179
13261          3  -0.000632   0.000882  0.000589    9305.5900  -42264.50000   2053.0700       1786    2412   1571.7400     78.252  107.179
13262          3  -0.019352   0.047898  0.022992    9306.2800  -42263.10000   2053.0800       1786    2412   1571.7400     78.252  107.179
13289          3   0.003605  -0.001399  0.012160 -131906.0000 -111127.00000   -134.1840       1795    2412    175.3510     78.962   41.558
13294          3   0.000119   0.000168  0.001833  -41648.7000 -517972.00000 -19019.1000       1796    2412    328.4210     87.412   85.941
13350          3   0.004703   0.013105  0.010931   15939.0000 -110618.00000   1220.0500       1802    2412    430.0710     77.640  100.661
13355          3   0.003778  -0.003331  0.001478    5211.1300    2795.11000   2197.2600       1805    2412   1664.1800     83.354  -68.802
13364          3   0.140121  -0.363009  0.081498    5214.3300    2777.70000   2197.2600       1805    2412   1664.1800     83.354  -68.802
13413          3  -0.023529   0.038469  0.209417   70411.7000 -207707.00000  -1574.5500       1822    2412    199.4480     79.954  108.675
13471          3   0.002040   0.002941  0.005746   57344.0000    5710.95000   1939.4700       1835    2412   1184.0900     74.208   11.853
13481          3  -0.000277   0.000041  0.000469   57816.0000    5756.22000   1935.1600       1835    2412   1184.0900     74.208   11.853
13482          3   0.014758   0.002257  0.000442   57825.7000    5756.52000   1935.0700       1835    2412   1184.0900     74.208   11.853
13494          3   0.000235  -0.000535  0.001020   57700.8000    5735.03000   1936.2300       1835    2412   1184.0900     74.208   11.853

