Tabla para CorsikaId 2:
      CorsikaId        px        py        pz            x            y        z  shower_id  prm_id  prm_energy  prm_theta  prm_phi
30            2 -0.163771  0.035963  0.342968   1399.42000   1550.61000  2199.66          5     703     227.939     26.090  169.614
36            2 -0.051781  0.010277  0.120108   1407.62000   1557.93000  2199.65          5     703     227.939     26.090  169.614
40            2 -0.008204  0.001469  0.012696   1391.12000   1547.97000  2199.66          5     703     227.939     26.090  169.614
58            2  0.006362  0.002502  0.015758    815.85700    872.07600  2199.89          5     703     227.939     26.090  169.614
107           2 -0.004157 -0.015328  0.016043    408.56000  -5170.00000  2197.89          7     703     244.465     33.548 -123.487
137           2 -0.003057 -0.000739  0.010993  -5905.04000   1999.88000  2196.95         19    1206     134.538     52.180  -34.426
149           2  0.004334  0.002148  0.002725  -4058.22000  -1925.59000  2198.42         24    1206     160.500     36.929   10.069
262           2 -0.008861 -0.001859  0.011583  -2515.24000  -1343.06000  2199.36         44    1206     243.104      5.162 -124.563
280           2 -0.011176 -0.006973  0.012901   -379.28800  -1813.54000  2199.73         44    1206     243.104      5.162 -124.563
310           2  0.048322 -0.251801  0.677410   -117.90300  -1753.61000  2199.76         44    1206     243.104      5.162 -124.563
320           2  0.000674  0.000760  0.036109   -181.91300  -1479.57000  2199.83         44    1206     243.104      5.162 -124.563
352           2 -0.005296  0.000315  0.012806    567.99500  -2178.53000  2199.60         46    1206     103.308     17.280   31.552
364           2  0.001128  0.000236  0.000985   5408.02000  -3608.63000  2196.68         46    1206     103.308     17.280   31.552
387           2 -0.048063  0.076781  0.086690    497.77900  -3847.18000  2198.82         47    1206     119.209     35.372 -136.987
411           2  0.006755 -0.002397  0.005403  -2189.13000  -1041.40000  2199.54         49    1206     131.262     36.911   73.587
417           2 -0.002184  0.008807  0.028092  -1109.29000   -700.29200  2199.86         52    1206     186.609     50.686  -40.289
491           2  0.222463  0.122669  0.507458   -680.99300  -2938.58000  2199.29         60    1206     259.452     35.023   40.725
503           2  0.009674  0.004786  0.012000   -155.26100  -1689.82000  2199.77         60    1206     259.452     35.023   40.725
518           2 -0.008815  0.003556  0.031942   5839.20000  -2746.70000  2196.73         64    1206     429.554     30.718  141.373
658           2  0.014577 -0.003231  0.003275   1216.13000  -2956.49000  2199.20         73    1206     573.734     41.670   43.474
710           2  0.006161  0.002318  0.003235      6.89080  -1057.65000  2199.91         73    1206     573.734     41.670   43.474
788           2 -0.037946 -0.051936  0.094439     31.45770    944.62500  2199.93         77    1206    4245.470     42.367 -114.469
799           2 -0.046138 -0.093137  0.097441    -11.58110   -748.37200  2199.96         77    1206    4245.470     42.367 -114.469
805           2 -0.014594 -0.023640  0.028840     -9.29258   -743.85000  2199.96         77    1206    4245.470     42.367 -114.469
813           2 -1.190280 -2.726960  3.047720     -7.28672   -746.70700  2199.96         77    1206    4245.470     42.367 -114.469
816           2 -0.001218  0.000249  0.000487   -236.82500  -1378.82000  2199.85         77    1206    4245.470     42.367 -114.469
848           2 -0.008653 -0.010255  0.005850   -621.67900  -1482.70000  2199.80         77    1206    4245.470     42.367 -114.469
901           2 -0.003156 -0.005640  0.002513   -239.24200   -862.66300  2199.94         77    1206    4245.470     42.367 -114.469
916           2  0.004141 -0.006656  0.000940     -5.94944   -231.42900  2200.00         77    1206    4245.470     42.367 -114.469
926           2 -0.017650 -0.034205  0.026961   -395.52300   -704.44800  2199.95         77    1206    4245.470     42.367 -114.469
954           2 -0.011361 -0.036959  0.030145   -116.63600   -353.68100  2199.99         77    1206    4245.470     42.367 -114.469
967           2 -0.011477 -0.018107  0.016680  -1399.95000    -18.61940  2199.85         77    1206    4245.470     42.367 -114.469
1023          2  0.007999  0.001017  0.013144    472.85900     27.21670  2199.98         77    1206    4245.470     42.367 -114.469
1028          2 -0.003358 -0.015581  0.023685    446.72000    -16.93660  2199.98         77    1206    4245.470     42.367 -114.469
1040          2 -0.033307 -0.083731  0.104076    356.67600    -81.12330  2199.99         77    1206    4245.470     42.367 -114.469
1062          2 -0.030008 -0.147502  0.088185    379.00700      1.64325  2199.99         77    1206    4245.470     42.367 -114.469
1202          2  0.010914 -0.057665  0.045254    137.40600    -10.33310  2200.00         77    1206    4245.470     42.367 -114.469
1230          2 -0.021095 -0.131069  0.164165   1346.71000    729.13500  2199.82         77    1206    4245.470     42.367 -114.469
1255          2 -0.057642 -0.280002  0.329225    344.48100   -552.66500  2199.97         77    1206    4245.470     42.367 -114.469
1397          2 -0.013154 -0.046743  0.061327     -9.09224    728.70100  2199.96         77    1206    4245.470     42.367 -114.469
1416          2  0.004101 -0.002789  0.005940   3517.21000  -1612.75000  2198.83         77    1206    4245.470     42.367 -114.469
1469          2 -0.002967  0.000029  0.017920   -957.23000   -574.33400  2199.90         77    1206    4245.470     42.367 -114.469
1488          2 -0.000974  0.000505  0.003835   -867.23000   -800.10400  2199.89         77    1206    4245.470     42.367 -114.469
1521          2  0.001718 -0.008703  0.014988    512.65100    171.77800  2199.98         77    1206    4245.470     42.367 -114.469
1545          2  0.001322 -0.013118  0.023455   1292.05000    269.77100  2199.86         77    1206    4245.470     42.367 -114.469
1603          2 -0.006528 -0.011632  0.018071    118.80900   -115.81000  2200.00         77    1206    4245.470     42.367 -114.469
1720          2 -0.227353  0.176274  0.520246   9733.24000  -2533.98000  2192.06         85    1206     226.909     46.864  153.125
1747          2  0.108663 -0.003612  0.109507    362.00500  -1125.46000  2199.89         94    1206     222.460     35.815    2.669
1755          2  0.023103 -0.014861  0.032999    149.88100  -3304.17000  2199.14         94    1206     222.460     35.815    2.669
1916          2 -0.082334 -0.014209  0.135218    213.59200   -321.51700  2199.99        103    1206     770.374     42.635 -135.066
1925          2 -0.002534 -0.000966  0.004379    107.24700   -762.55700  2199.95        103    1206     770.374     42.635 -135.066
1940          2 -0.008714  0.000951  0.017126    300.99300   -604.33900  2199.96        103    1206     770.374     42.635 -135.066
1959          2 -0.097449 -0.159669  0.195989    108.17600  -1459.12000  2199.83        103    1206     770.374     42.635 -135.066
1964          2 -0.002134 -0.016137  0.009467   -476.99800  -3012.21000  2199.27        103    1206     770.374     42.635 -135.066
2005          2 -0.065739 -0.078315  0.165426   1920.68000     78.96680  2199.71        103    1206     770.374     42.635 -135.066
2070          2 -0.008535  0.001088  0.063516   -230.44500  -2315.06000  2199.58        108    1206     165.310      6.940 -178.113
2171          2 -0.000643  0.003293  0.008684   1012.32000  -1601.75000  2199.72        120    1206     583.629     16.666   63.900
2203          2  0.548210  0.109142  1.853580    503.34000  -1035.59000  2199.90        120    1206     583.629     16.666   63.900
2244          2 -0.086307  0.013487  0.212581   -450.30500   -722.57000  2199.94        120    1206     583.629     16.666   63.900
2301          2  0.015308  0.016590  0.031575   1107.89000   1215.05000  2199.79        120    1206     583.629     16.666   63.900
2390          2  0.004150 -0.001104  0.003916    189.59000  -1163.06000  2199.89        131    1206     595.284     45.080   82.729
2636          2 -0.049572 -0.051059  0.058680    -10.66530    761.87900  2199.95        160    1608    1930.610     49.024 -119.130
2672          2 -0.014962 -0.018283  0.020169     83.82680   -408.25800  2199.99        160    1608    1930.610     49.024 -119.130
2694          2 -0.053288 -0.256200  0.248087    739.11000   -409.05100  2199.94        160    1608    1930.610     49.024 -119.130
2701          2 -0.168613 -0.013477  0.072477  -1560.09000    381.75000  2199.80        160    1608    1930.610     49.024 -119.130
2722          2 -0.393220 -0.489545  0.699748   -439.64100   -383.16600  2199.97        160    1608    1930.610     49.024 -119.130
2737          2 -0.015602 -0.051674  0.031297   -192.79800  -1692.63000  2199.77        160    1608    1930.610     49.024 -119.130
2783          2 -0.002083 -0.001830  0.005622   1187.79000   2098.12000  2199.54        160    1608    1930.610     49.024 -119.130
2808          2 -0.037351 -0.073079  0.081417    -52.90690   -413.11600  2199.99        160    1608    1930.610     49.024 -119.130
2834          2 -0.008927 -0.013951  0.010192  -2657.29000  -4876.73000  2197.58        160    1608    1930.610     49.024 -119.130
2835          2 -0.015862 -0.040887  0.033714   -447.87700   -618.92100  2199.95        160    1608    1930.610     49.024 -119.130
2868          2 -0.007897 -0.027366  0.014026   -160.68700    -23.25690  2200.00        160    1608    1930.610     49.024 -119.130
2906          2 -0.024379 -0.351982  0.299326    129.55400   -461.17200  2199.98        160    1608    1930.610     49.024 -119.130
2941          2  0.001343  0.005398  0.009853  -1697.11000    492.12800  2199.76        165    1608     922.123     26.690   63.958
3006          2 -0.000926 -0.003207  0.009247   -236.34800  -1041.86000  2199.91        165    1608     922.123     26.690   63.958
3032          2  0.001289  0.002014  0.012262  -1016.02000  -2932.45000  2199.24        165    1608     922.123     26.690   63.958
3097          2  0.009152  0.006657  0.018348   2026.62000  -5342.64000  2197.44        173    1608     103.675     24.924   -5.167
3121          2  0.000167 -0.003193  0.002857   1541.67000   -861.17000  2199.76        174    1608     634.165     43.252  -48.010
3126          2 -0.005265  0.030911  0.065782   1080.24000    -62.33440  2199.91        174    1608     634.165     43.252  -48.010
3212          2  0.040226  0.199451  0.074996    117.48300  -1139.83000  2199.90        179    1608     326.016     28.578  137.195
3238          2  0.001237  0.007072  0.014220    461.41200  -2531.97000  2199.48        182    1608     565.038     43.047   97.532
3266          2  0.002853  0.002130  0.005059  -3842.20000 -11145.80000  2189.10        191    1608     219.512     46.132   44.347
3300          2  0.023421  0.044646  0.170195   -981.96000  -4598.15000  2198.27        195    1608     256.089     25.741   63.563
3397          2  0.126721  0.023969  0.171259  -1720.14000  -5931.88000  2197.01        198    1608     142.053     42.007   37.756
3428          2  0.005305  0.000009  0.005884  -8355.25000  -2360.73000  2194.09        208    1608     135.606     58.249    4.686
3434          2  0.014850  0.004673  0.018143  -8375.84000  -2335.87000  2194.07        208    1608     135.606     58.249    4.686
3465          2 -0.003699 -0.044589  0.646581    -90.07430  -1049.15000  2199.91        209    1608     430.358      3.104  -93.892
3480          2 -0.001008  0.000741  0.001764   -482.66200   1993.50000  2199.67        209    1608     430.358      3.104  -93.892
3490          2 -0.010669  0.011252  0.026012   -467.57600   1935.34000  2199.69        209    1608     430.358      3.104  -93.892
3505          2  0.002988  0.002202  0.077988   -193.49500    152.12700  2200.00        209    1608     430.358      3.104  -93.892
3577          2 -0.003148  0.000350  0.010109     25.38040     49.75790  2200.00        209    1608     430.358      3.104  -93.892
3583          2 -0.010471 -0.001539  0.112593     33.33770     37.03610  2200.00        209    1608     430.358      3.104  -93.892
3640          2  0.048130 -0.029097  0.038249   1235.10000  -1616.45000  2199.68        216    1608    2155.220     43.786  -22.584
3643          2  0.006812 -0.003497  0.004822   1213.85000  -1607.68000  2199.68        216    1608    2155.220     43.786  -22.584
3692          2  0.000460 -0.000516  0.005168  -2844.72000    339.82500  2199.36        216    1608    2155.220     43.786  -22.584
3755          2  0.009799 -0.005638  0.006015    165.12100   -447.78400  2199.98        216    1608    2155.220     43.786  -22.584
3792          2  0.533724 -0.260721  0.599371   -105.45900   -780.93400  2199.95        216    1608    2155.220     43.786  -22.584
3811          2  0.009812 -0.000045  0.007084   -649.00500    378.45200  2199.96        216    1608    2155.220     43.786  -22.584
3849          2  0.035526 -0.155555  0.107701   6848.41000 -20800.80000  2162.38        218    1608     159.669     33.083  -85.697
3855          2 -0.003022 -0.001851  0.010119  -2274.33000  15897.10000  2179.77        218    1608     159.669     33.083  -85.697
3877          2  0.233333 -0.079328  0.124508  12584.20000  -4305.57000  2186.12        220    1608     237.323     50.412  -32.579
3913          2  0.003367 -0.013923  0.017979   1044.50000    412.22100  2199.90        232    1608    1255.990     30.789  -48.647
3965          2  0.008229 -0.054696  0.104560  -1748.73000  -2143.62000  2199.40        232    1608    1255.990     30.789  -48.647
4032          2  0.002643 -0.000921  0.012372   -800.32100   -773.17200  2199.90        232    1608    1255.990     30.789  -48.647
4062          2  0.043555 -0.038070  0.149529  -1301.53000   1959.97000  2199.57        232    1608    1255.990     30.789  -48.647
4128          2  0.051211 -0.051253  0.104654    837.22100   -184.00500  2199.94        232    1608    1255.990     30.789  -48.647
4135          2  0.024449 -0.019504  0.047732    841.56300   -184.59100  2199.94        232    1608    1255.990     30.789  -48.647
4153          2  0.037272 -0.028575  0.067093    838.09700   -175.51000  2199.94        232    1608    1255.990     30.789  -48.647
4157          2  0.043422 -0.049735  0.113116    842.02100   -179.40500  2199.94        232    1608    1255.990     30.789  -48.647
4248          2  0.006609  0.005653  0.012493  -3577.59000  -3630.87000  2197.96        240    2412     420.804     35.508   22.633
4268          2  0.003846 -0.030410  0.018662  -6008.72000  -1728.55000  2196.93        243    2412     704.572     57.764  -45.750
4314          2  0.059724 -0.060911  0.028087   1278.83000  -2035.41000  2199.55        248    2412    2555.320     64.148  -37.065
4319          2  0.017762 -0.015712  0.012706   1274.46000  -2032.39000  2199.55        248    2412    2555.320     64.148  -37.065
4325          2  0.190487 -0.166989  0.112707   1275.64000  -2036.64000  2199.55        248    2412    2555.320     64.148  -37.065
4441          2  0.209386 -0.174183  0.215047  -2835.22000   1896.13000  2199.09        255    2412    4798.080     55.862  -39.458
4445          2  0.004140 -0.000073  0.000775  -2788.51000   1956.07000  2199.09        255    2412    4798.080     55.862  -39.458
4458          2  0.022787 -0.020120  0.022539  -2835.56000   1895.18000  2199.09        255    2412    4798.080     55.862  -39.458
4470          2  0.005545 -0.003627  0.006594  -2758.98000   1918.27000  2199.11        255    2412    4798.080     55.862  -39.458
4499          2 -0.000914 -0.001109  0.002923    632.87500  -1145.24000  2199.87        255    2412    4798.080     55.862  -39.458
4511          2  0.085516 -0.064799  0.064470    727.60600  -1221.91000  2199.84        255    2412    4798.080     55.862  -39.458
4523          2  0.314062 -0.254598  0.249569    738.70700  -1229.76000  2199.84        255    2412    4798.080     55.862  -39.458
4536          2  0.009461 -0.015600  0.017285    710.79500  -1236.76000  2199.84        255    2412    4798.080     55.862  -39.458
4549          2  0.007370 -0.007599  0.009475    739.15400  -1230.31000  2199.84        255    2412    4798.080     55.862  -39.458
4553          2  0.017535 -0.003697  0.009529    745.47000  -1226.69000  2199.84        255    2412    4798.080     55.862  -39.458
4736          2  0.010694 -0.002980  0.020073  -4295.99000   3438.72000  2197.62        255    2412    4798.080     55.862  -39.458
4755          2  0.022270 -0.013844  0.027281   1755.79000   -678.07100  2199.72        255    2412    4798.080     55.862  -39.458
4855          2  0.000495 -0.000212  0.004058   1200.67000  -3011.08000  2199.18        260    2412     521.509     16.194   53.139
4863          2  0.038179  0.054473  0.040899   -643.52000   2753.07000  2199.37        260    2412     521.509     16.194   53.139
4897          2  0.008007  0.001895  0.014980    255.33700   -247.36400  2199.99        265    2412    1944.500     25.659   28.197
4921          2  0.005848  0.004356  0.019048    155.46000   -336.55600  2199.99        265    2412    1944.500     25.659   28.197
4954          2  0.007057  0.005420  0.019392      2.79053   -497.31300  2199.98        265    2412    1944.500     25.659   28.197
5005          2  0.014854 -0.007162  0.030120   -406.05300   -866.75900  2199.93        265    2412    1944.500     25.659   28.197
5018          2  0.001448  0.006411  0.039016   -684.78900    832.49400  2199.91        265    2412    1944.500     25.659   28.197
5033          2  0.007770 -0.004146  0.026432  -2103.71000   -792.09800  2199.60        265    2412    1944.500     25.659   28.197
5056          2 -0.000129  0.006555  0.014496   -875.31000   -389.40200  2199.93        265    2412    1944.500     25.659   28.197
5068          2 -0.000334  0.004519  0.007948   -882.66800   -398.29900  2199.93        265    2412    1944.500     25.659   28.197
5115          2  0.005364  0.003724  0.003470  -1115.21000   -189.59900  2199.90        265    2412    1944.500     25.659   28.197
5167          2  0.012238  0.004297  0.021866    155.41100   -124.47400  2200.00        265    2412    1944.500     25.659   28.197
5227          2  0.003320  0.002776  0.012322   -197.07400     -5.72690  2200.00        265    2412    1944.500     25.659   28.197
5278          2  0.054160 -0.111303  0.046248   6736.60000  -6487.01000  2193.14          2    1206    1051.430     75.681  -56.477
5356          2 -0.014714  0.006503  0.006138  -3943.74000   7519.10000  2194.34          7    1608    2809.800     72.953  134.006
5361          2 -0.002992  0.002915  0.002014  -3910.45000   7534.48000  2194.35          7    1608    2809.800     72.953  134.006
5480          2 -0.087570 -0.087398  0.033540  -5609.51000  -7366.91000  2193.27         16    2412    2181.730     73.780 -138.683
5503          2 -0.339691 -0.297648  0.129562  -5617.13000  -7366.00000  2193.27         16    2412    2181.730     73.780 -138.683
5583          2 -0.027464 -0.024964  0.011751   -413.38300  -1588.44000  2199.79         16    2412    2181.730     73.780 -138.683
5609          2  0.113813  0.770478  0.289564  -1042.99000 -15942.70000  2179.98         17    2412    2767.420     72.340   84.605

