Tabla para CorsikaId 13:
     CorsikaId        px        py        pz          x          y          z  shower_id  prm_id  prm_energy  prm_theta  prm_phi
72          13  0.008790  0.000792  0.483993 -391211.00 -342700.00 -19055.200          5    1206     20.0163     83.955   42.431
73          13  0.250673  0.244919  0.287813   69796.80  -30350.70   1745.540          6    1206     66.5294     75.631  179.524
160         13  0.151263  0.122949  0.793292   26219.80  -25265.40   2095.990          7    1608   2809.8000     72.953  134.006
170         13 -0.140491 -0.232306  0.176017 -556651.00 -635080.00 -53997.000          8    1608     80.6397     89.930   49.567
172         13  0.109673 -0.171802  0.271880   21725.10 -429796.00 -12345.200         10    1608     48.7226     83.478   95.721
177         13 -0.515694  0.375555  0.664931   45321.80 -142527.00    444.997         14    2412    120.2360     76.205  115.535
287         13 -0.356101 -0.406115  0.408022   -6510.05   -5286.94   2194.480         16    2412   2181.7300     73.780 -138.683

