Tabla para CorsikaId 1:
     CorsikaId            px            py        pz            x           y        z  shower_id  prm_id  prm_energy  prm_theta  prm_phi
0            1 -8.763270e-04  2.219480e-03  0.003774 -227378.0000  -16102.200 -1877.57          1    1206    321.9310     85.545   12.568
1            1  1.132370e-04  1.806930e-04  0.000073   -1351.2900    5129.210  2197.79          2    1206   1051.4300     75.681  -56.477
2            1  1.163590e-03 -6.656460e-04  0.000444   -1336.2700    4985.780  2197.91          2    1206   1051.4300     75.681  -56.477
3            1  2.373420e-03 -1.025350e-02  0.004272   -1395.0300    5043.360  2197.85          2    1206   1051.4300     75.681  -56.477
4            1  7.002620e-05 -8.567300e-05  0.000230   -1371.8200    5090.160  2197.82          2    1206   1051.4300     75.681  -56.477
5            1  5.301790e-03 -8.188400e-03  0.003840   -1336.1800    5030.380  2197.87          2    1206   1051.4300     75.681  -56.477
6            1  6.457150e-05 -1.045410e-04  0.000031   -1316.9800    4997.560  2197.90          2    1206   1051.4300     75.681  -56.477
8            1  1.335830e-04  1.742990e-04  0.000616   -1967.9700    5756.110  2197.10          2    1206   1051.4300     75.681  -56.477
9            1  2.854280e-04 -5.322280e-04  0.000551   -1908.1300    5747.820  2197.12          2    1206   1051.4300     75.681  -56.477
10           1 -1.077980e-04 -1.563630e-04  0.000344   -1702.6700    5543.990  2197.36          2    1206   1051.4300     75.681  -56.477
11           1  7.152240e-03 -9.942750e-03  0.003163    6811.6300   -6544.390  2193.00          2    1206   1051.4300     75.681  -56.477
12           1  1.442070e-02 -2.096030e-02  0.009051    6762.7500   -6486.700  2193.11          2    1206   1051.4300     75.681  -56.477
13           1  7.060210e-03 -8.708240e-03  0.004426    6766.1200   -6478.650  2193.12          2    1206   1051.4300     75.681  -56.477
15           1  1.004630e-04 -9.466170e-05  0.000075    6607.5700   -6447.260  2193.31          2    1206   1051.4300     75.681  -56.477
16           1  2.596840e-05 -4.567400e-05  0.000020    6737.7100   -6485.010  2193.14          2    1206   1051.4300     75.681  -56.477
17           1 -5.588560e-07  5.247260e-05  0.000044    6713.6500   -6421.560  2193.23          2    1206   1051.4300     75.681  -56.477
18           1  4.997360e-04 -1.052130e-03  0.000455    6745.3800   -6487.650  2193.13          2    1206   1051.4300     75.681  -56.477
19           1  8.242530e-03 -1.502660e-02  0.006624    6736.7700   -6486.480  2193.14          2    1206   1051.4300     75.681  -56.477
20           1  2.307750e-05 -4.406530e-05  0.000020    6736.4700   -6486.420  2193.14          2    1206   1051.4300     75.681  -56.477
22           1 -2.592190e-04  2.976200e-05  0.000240    5971.3200   -5443.610  2194.88          2    1206   1051.4300     75.681  -56.477
23           1  3.592820e-04 -7.994330e-05  0.000224    6534.3500   -5669.740  2194.13          2    1206   1051.4300     75.681  -56.477
24           1 -1.113640e-04  4.610430e-05  0.000295    7183.1000   -7307.550  2191.76          2    1206   1051.4300     75.681  -56.477
25           1 -2.189400e-05 -4.956570e-04  0.000133    7093.6500   -7754.900  2191.33          2    1206   1051.4300     75.681  -56.477
26           1  1.154680e-02 -1.600910e-02  0.005553    6801.8400   -6517.120  2193.04          2    1206   1051.4300     75.681  -56.477
27           1  3.560210e-05  1.047050e-04  0.000018    6688.8900   -6123.950  2193.55          2    1206   1051.4300     75.681  -56.477
28           1  2.623190e-04 -7.573970e-04  0.001366    6695.6100   -6493.900  2193.17          2    1206   1051.4300     75.681  -56.477
29           1  1.713360e-04 -2.931320e-04  0.000075    6728.0900   -6546.030  2193.09          2    1206   1051.4300     75.681  -56.477
30           1  5.508750e-05 -1.194000e-04  0.000088    6607.3700   -6391.070  2193.37          2    1206   1051.4300     75.681  -56.477
31           1  3.003980e-04 -2.881260e-03  0.001023    6586.1400   -6481.860  2193.30          2    1206   1051.4300     75.681  -56.477
32           1 -4.444510e-05 -2.034310e-05  0.000124    6324.1100   -5999.260  2194.04          2    1206   1051.4300     75.681  -56.477
33           1  1.691540e-02 -2.006000e-02  0.008070    6877.4200   -6520.240  2192.95          2    1206   1051.4300     75.681  -56.477
34           1  1.118270e-01 -1.620790e-01  0.054750    6799.7600   -6531.500  2193.03          2    1206   1051.4300     75.681  -56.477
35           1  1.524250e-03 -2.788250e-03  0.003598    6393.5100   -5968.700  2194.00          2    1206   1051.4300     75.681  -56.477
36           1 -5.747100e-05 -6.889180e-04  0.000519    6699.2900   -6531.350  2193.13          2    1206   1051.4300     75.681  -56.477
37           1  2.544930e-03 -1.117230e-03  0.001214    6743.7200   -6117.180  2193.50          2    1206   1051.4300     75.681  -56.477
38           1  3.822990e-05  1.152140e-05  0.000135    6607.8100   -6164.400  2193.59          2    1206   1051.4300     75.681  -56.477
39           1  7.043060e-03 -9.442650e-03  0.003559    6786.5400   -6454.710  2193.12          2    1206   1051.4300     75.681  -56.477
40           1  9.570010e-02 -1.255710e-01  0.046292    6808.0100   -6469.530  2193.08          2    1206   1051.4300     75.681  -56.477
41           1  6.573280e-04 -2.264410e-03  0.000732    6734.8900   -6437.120  2193.19          2    1206   1051.4300     75.681  -56.477
42           1  2.814470e-04  2.154490e-04  0.000374    6887.8100   -6458.440  2193.01          2    1206   1051.4300     75.681  -56.477
43           1  1.069030e-02 -1.287370e-02  0.001637    7535.1100   -7339.460  2191.32          2    1206   1051.4300     75.681  -56.477
44           1  2.198490e-04 -8.529490e-06  0.000250    6677.6300   -6259.660  2193.43          2    1206   1051.4300     75.681  -56.477
45           1  8.778220e-03 -1.429530e-02  0.003710    6838.5800   -6637.660  2192.87          2    1206   1051.4300     75.681  -56.477
46           1  3.152750e-02 -4.601780e-02  0.015338    6795.0200   -6536.120  2193.03          2    1206   1051.4300     75.681  -56.477
47           1  6.881040e-03 -9.980350e-03  0.003314    6803.7400   -6545.030  2193.01          2    1206   1051.4300     75.681  -56.477
48           1  5.367250e-05  2.983190e-04  0.000129    6783.3200   -6462.420  2193.11          2    1206   1051.4300     75.681  -56.477
49           1  6.447070e-04 -1.161500e-03  0.000434    6802.3900   -6542.710  2193.01          2    1206   1051.4300     75.681  -56.477
51           1 -1.699560e-04 -1.120680e-04  0.000177    6709.0900   -6530.220  2193.12          2    1206   1051.4300     75.681  -56.477
52           1  3.623770e-02 -5.215560e-02  0.019082    6789.5400   -6520.370  2193.05          2    1206   1051.4300     75.681  -56.477
53           1  1.179420e-03 -1.273600e-03  0.000570    6728.2300   -6441.780  2193.19          2    1206   1051.4300     75.681  -56.477
54           1  1.776040e-03 -4.220210e-03  0.001800    6796.4700   -6512.390  2193.05          2    1206   1051.4300     75.681  -56.477
55           1  4.782490e-05  2.034430e-05  0.000104    6562.5800   -6090.280  2193.71          2    1206   1051.4300     75.681  -56.477
56           1  1.847180e-05  2.833040e-05  0.000384    6660.5200   -6184.120  2193.52          2    1206   1051.4300     75.681  -56.477
57           1 -4.389390e-05  5.933510e-05  0.000135    6129.8100   -5869.770  2194.35          2    1206   1051.4300     75.681  -56.477
58           1  4.103080e-05  6.719080e-05  0.000041    6481.5000   -5792.020  2194.07          2    1206   1051.4300     75.681  -56.477
59           1  1.330620e-03 -4.676750e-03  0.001630    6676.5400   -6523.390  2193.16          2    1206   1051.4300     75.681  -56.477
60           1  3.607580e-05 -6.263250e-05  0.000054    6667.7100   -6363.900  2193.34          2    1206   1051.4300     75.681  -56.477
61           1  3.186980e-05 -4.385070e-05  0.000027    6547.8800   -6065.550  2193.75          2    1206   1051.4300     75.681  -56.477
62           1  1.066490e-02 -1.881800e-02  0.004155    6912.2000   -6910.650  2192.51          2    1206   1051.4300     75.681  -56.477
63           1  2.693060e-04  2.630190e-05  0.000153    6701.0900   -6421.010  2193.24          2    1206   1051.4300     75.681  -56.477
75           1 -4.215940e-02  5.353040e-02  0.030222   -3372.5700    7164.830  2195.08          7    1608   2809.8000     72.953  134.006
76           1  1.246430e-05  4.620260e-04  0.000898   -3233.5100    7054.490  2195.28          7    1608   2809.8000     72.953  134.006
77           1 -3.289820e-04  2.686460e-04  0.001021   -2324.0800    5941.070  2196.81          7    1608   2809.8000     72.953  134.006
78           1  4.094480e-04  4.257220e-04  0.000652   -1962.9700    6156.640  2196.72          7    1608   2809.8000     72.953  134.006
79           1 -5.856320e-04 -1.115320e-04  0.001163   -3390.2300    6866.790  2195.40          7    1608   2809.8000     72.953  134.006
80           1 -3.120740e-03  4.169940e-03  0.000748   -5993.3800    9209.200  2190.53          7    1608   2809.8000     72.953  134.006
81           1 -1.009670e-04  1.372590e-04  0.000895   -3341.4300    7093.280  2195.18          7    1608   2809.8000     72.953  134.006
82           1 -4.388920e-04  7.296470e-04  0.000945   -3938.9400    7534.750  2194.33          7    1608   2809.8000     72.953  134.006
83           1 -2.961040e-03  3.975010e-03  0.001626   -3781.5100    7557.490  2194.40          7    1608   2809.8000     72.953  134.006
84           1 -5.331360e-05  1.908820e-04  0.000444   -3449.0400    7496.930  2194.66          7    1608   2809.8000     72.953  134.006
85           1 -5.476830e-05 -1.293860e-04  0.000054   -3149.4100    6461.550  2195.95          7    1608   2809.8000     72.953  134.006
86           1 -2.531370e-04  5.588350e-04  0.000473   -3193.5700    7078.930  2195.27          7    1608   2809.8000     72.953  134.006
87           1 -1.433200e-02  1.617440e-02  0.005810   -3993.0900    7751.200  2194.04          7    1608   2809.8000     72.953  134.006
88           1 -2.206520e-03  1.775230e-03  0.001061   -4040.8000    7619.050  2194.17          7    1608   2809.8000     72.953  134.006
89           1 -2.636610e-02  2.733290e-02  0.012218   -4072.5700    7761.370  2193.97          7    1608   2809.8000     72.953  134.006
90           1 -6.324790e-03  6.221730e-03  0.003574   -3780.3000    7389.570  2194.60          7    1608   2809.8000     72.953  134.006
91           1 -5.306440e-04  3.601470e-04  0.000295   -3591.7100    7274.680  2194.84          7    1608   2809.8000     72.953  134.006
92           1  1.009070e-05  7.491640e-04  0.000259   -3366.2000    7804.010  2194.33          7    1608   2809.8000     72.953  134.006
93           1  2.221630e-04  1.864880e-04  0.000442   -3805.5200    7333.630  2194.64          7    1608   2809.8000     72.953  134.006
94           1 -7.569490e-05 -9.365300e-05  0.000305   -4618.9600    8129.470  2193.14          7    1608   2809.8000     72.953  134.006
95           1 -3.991970e-04 -2.502540e-05  0.000304   -4112.4200    7388.230  2194.39          7    1608   2809.8000     72.953  134.006
96           1  2.219520e-04  3.558650e-04  0.000583   -3536.6100    7379.100  2194.75          7    1608   2809.8000     72.953  134.006
97           1  2.957080e-04  1.172740e-04  0.000558   -3455.4400    7201.080  2195.00          7    1608   2809.8000     72.953  134.006
98           1 -4.814170e-05  4.857500e-05  0.000161   -3927.0500    7512.580  2194.36          7    1608   2809.8000     72.953  134.006
100          1  2.912170e-04  1.680360e-05  0.000407   -4123.6900    7985.770  2193.66          7    1608   2809.8000     72.953  134.006
101          1 -2.384200e-03  2.708830e-03  0.002096   -4171.6600    8018.160  2193.59          7    1608   2809.8000     72.953  134.006
102          1 -9.442810e-05  6.078370e-06  0.000148   -2725.2800    7051.300  2195.52          7    1608   2809.8000     72.953  134.006
103          1  1.954180e-05 -2.843060e-04  0.000120   -2549.4300    6229.240  2196.45          7    1608   2809.8000     72.953  134.006
106          1 -3.452060e-03  2.685710e-03  0.001699   -3828.9100    7285.170  2194.69          7    1608   2809.8000     72.953  134.006
107          1 -1.042280e-04  8.646260e-05  0.000066   -3310.7700    6814.170  2195.50          7    1608   2809.8000     72.953  134.006
108          1 -6.545030e-06 -1.552330e-04  0.000350   -2844.1700    6009.180  2196.53          7    1608   2809.8000     72.953  134.006
109          1 -1.601670e-05 -4.820090e-05  0.000065   -3254.5200    6859.560  2195.48          7    1608   2809.8000     72.953  134.006
110          1 -1.990930e-02  2.543650e-02  0.010907   -3772.7800    7570.970  2194.39          7    1608   2809.8000     72.953  134.006
111          1 -6.125580e-05  6.531820e-04  0.000133   -4048.4000    7234.750  2194.61          7    1608   2809.8000     72.953  134.006
112          1 -1.884330e-05  1.777560e-04  0.000246   -3514.3300    7308.610  2194.84          7    1608   2809.8000     72.953  134.006
113          1 -3.331420e-04  9.245260e-04  0.001620   -3596.8200    7285.580  2194.82          7    1608   2809.8000     72.953  134.006
114          1 -6.678290e-03  7.221160e-03  0.002948   -3855.9100    7526.960  2194.39          7    1608   2809.8000     72.953  134.006
115          1 -2.186290e-02  2.394280e-02  0.014727   -3360.6200    7005.210  2195.26          7    1608   2809.8000     72.953  134.006
116          1 -1.808350e-04 -3.181770e-04  0.000288   -3116.7800    6022.080  2196.39          7    1608   2809.8000     72.953  134.006
117          1  1.638070e-06  6.242980e-05  0.000441   -2512.1500    6396.270  2196.30          7    1608   2809.8000     72.953  134.006
118          1 -1.410950e-03  5.817370e-03  0.002901   -3027.7800    7107.690  2195.32          7    1608   2809.8000     72.953  134.006
119          1 -1.380930e-02  1.856050e-02  0.011871   -3144.0900    6982.240  2195.40          7    1608   2809.8000     72.953  134.006
120          1 -3.675290e-03  4.455510e-03  0.003282   -4010.8700    7860.030  2193.89          7    1608   2809.8000     72.953  134.006
121          1  5.055270e-05  6.857110e-06  0.000037   -3407.6700    7190.540  2195.03          7    1608   2809.8000     72.953  134.006
122          1  2.636640e-04  9.438320e-05  0.000112   -3308.3600    7445.800  2194.79          7    1608   2809.8000     72.953  134.006
123          1  1.041690e-04 -1.207000e-04  0.000386   -3768.1000    7311.890  2194.69          7    1608   2809.8000     72.953  134.006
124          1  2.632970e-04 -1.647040e-04  0.000038   -3588.1600    7209.800  2194.91          7    1608   2809.8000     72.953  134.006
125          1  4.587690e-05  3.542130e-05  0.000056   -3144.1500    7143.010  2195.22          7    1608   2809.8000     72.953  134.006
126          1 -1.489340e-04  1.025870e-03  0.000608   -3637.6400    7580.220  2194.45          7    1608   2809.8000     72.953  134.006
127          1 -1.149730e-04  1.341380e-04  0.000055   -3958.7900    7672.690  2194.15          7    1608   2809.8000     72.953  134.006
129          1 -1.906930e-04 -1.056850e-04  0.000249   -3609.5300    7843.240  2194.15          7    1608   2809.8000     72.953  134.006
130          1 -1.036200e-03  2.491620e-03  0.001005   -3691.5600    7552.780  2194.46          7    1608   2809.8000     72.953  134.006
131          1 -3.064650e-04 -7.592130e-05  0.000181   -3757.2700    7188.660  2194.84          7    1608   2809.8000     72.953  134.006
132          1 -7.857700e-05  1.113030e-05  0.000104   -3751.4300    7401.520  2194.60          7    1608   2809.8000     72.953  134.006
133          1 -9.763760e-05  7.879960e-05  0.000071   -3761.9000    7439.940  2194.55          7    1608   2809.8000     72.953  134.006
134          1 -5.608540e-02  7.123100e-02  0.031079   -3821.4700    7622.650  2194.30          7    1608   2809.8000     72.953  134.006
135          1 -1.494570e-04 -8.788190e-05  0.000132   -2977.4300    6441.270  2196.05          7    1608   2809.8000     72.953  134.006
136          1 -1.396090e-02  1.575970e-02  0.006031   -3886.8100    7635.410  2194.24          7    1608   2809.8000     72.953  134.006
137          1 -3.398860e-04  4.118210e-04  0.000233   -3976.8200    7737.450  2194.06          7    1608   2809.8000     72.953  134.006
138          1 -1.056200e-04  1.583250e-04  0.000087   -3969.2400    7738.870  2194.07          7    1608   2809.8000     72.953  134.006
139          1 -2.541010e-02  2.959840e-02  0.012034   -3753.6200    7535.950  2194.44          7    1608   2809.8000     72.953  134.006
140          1 -1.305950e-05 -2.707470e-05  0.000056   -3341.7900    7164.750  2195.10          7    1608   2809.8000     72.953  134.006
141          1 -9.950100e-03  9.885890e-03  0.007490   -3395.6800    7211.200  2195.02          7    1608   2809.8000     72.953  134.006
142          1 -4.210180e-04 -1.397020e-04  0.000763   -3295.8400    6996.340  2195.31          7    1608   2809.8000     72.953  134.006
143          1 -1.840760e-03  4.130520e-04  0.001465   -3708.5400    6887.660  2195.20          7    1608   2809.8000     72.953  134.006
144          1  4.604080e-04  3.496730e-04  0.000570   -3706.6700    7638.940  2194.34          7    1608   2809.8000     72.953  134.006
145          1 -3.082180e-05  6.781940e-05  0.000141   -3572.7200    7240.280  2194.89          7    1608   2809.8000     72.953  134.006
146          1  6.041200e-05  1.019070e-05  0.000591   -3478.1300    7264.460  2194.91          7    1608   2809.8000     72.953  134.006
147          1  4.166510e-05 -1.411190e-04  0.000305   -3679.2500    7677.990  2194.31          7    1608   2809.8000     72.953  134.006
148          1 -5.762390e-04  2.702290e-04  0.000631   -3286.7200    7119.610  2195.18          7    1608   2809.8000     72.953  134.006
149          1  1.795650e-05  1.346490e-04  0.000073   -3441.9000    7503.660  2194.65          7    1608   2809.8000     72.953  134.006
150          1  1.304840e-05 -3.693110e-05  0.000207   -3527.8700    7340.710  2194.80          7    1608   2809.8000     72.953  134.006
151          1 -1.572040e-02  1.803910e-02  0.008700   -3908.0300    7681.960  2194.17          7    1608   2809.8000     72.953  134.006
152          1 -2.224570e-05 -3.799100e-05  0.000205   -3681.6100    7466.140  2194.56          7    1608   2809.8000     72.953  134.006
153          1 -7.279820e-03  6.361080e-03  0.008925   -3723.3000    7434.280  2194.58          7    1608   2809.8000     72.953  134.006
161          1 -4.429100e-03  3.595150e-03  0.002113    4501.9700   -7004.350  2194.56          7    1608   2809.8000     72.953  134.006
162          1  2.194440e-05  4.363450e-05  0.000038    5794.1600   -7624.090  2192.81          7    1608   2809.8000     72.953  134.006
163          1 -1.451850e-02  1.243590e-02  0.007859    4727.5700   -7144.270  2194.24          7    1608   2809.8000     72.953  134.006
171          1 -1.151220e-03  6.060600e-04  0.007437  -71195.1000  -14761.700  1785.25          9    1608    194.1020     76.504   11.175
173          1  2.006620e-04 -2.635270e-05  0.000775   38875.1000  -80276.300  1575.86         11    1608    503.5700     73.064  113.697
178          1  6.792820e-04  4.290430e-04  0.000404    -779.4670 -311883.000 -5435.52         15    2412     71.3283     79.975   92.701
182          1 -2.226450e-03 -2.628570e-03  0.001263   -5556.6600   -7348.900  2193.34         16    2412   2181.7300     73.780 -138.683
183          1 -1.645400e-06 -1.447700e-03  0.000292   -5368.5300   -7610.130  2193.20         16    2412   2181.7300     73.780 -138.683
184          1 -2.522820e-04 -1.847280e-04  0.000906   -5432.8500   -7208.100  2193.61         16    2412   2181.7300     73.780 -138.683
185          1 -1.224040e-03 -9.862060e-04  0.000354   -5719.8000   -7429.300  2193.10         16    2412   2181.7300     73.780 -138.683
186          1 -6.397340e-05 -5.049310e-05  0.000033   -5563.7100   -7314.770  2193.37         16    2412   2181.7300     73.780 -138.683
187          1 -4.719790e-05 -3.835740e-05  0.000036   -5137.3600   -7211.760  2193.85         16    2412   2181.7300     73.780 -138.683
188          1 -1.935550e-03 -1.615480e-03  0.000922   -5577.1300   -7332.540  2193.34         16    2412   2181.7300     73.780 -138.683
190          1 -9.432080e-04 -7.614850e-04  0.000379   -5588.8300   -7323.560  2193.34         16    2412   2181.7300     73.780 -138.683
191          1 -8.336630e-03 -6.669720e-03  0.003236   -5599.9700   -7330.220  2193.32         16    2412   2181.7300     73.780 -138.683
192          1 -7.340600e-02 -5.805760e-02  0.030496   -5579.6500   -7311.440  2193.36         16    2412   2181.7300     73.780 -138.683
193          1 -2.353380e-05  3.737890e-06  0.000222   -5475.4600   -7327.190  2193.44         16    2412   2181.7300     73.780 -138.683
194          1 -2.533900e-05  4.374650e-06  0.000089   -5361.5400   -7218.760  2193.66         16    2412   2181.7300     73.780 -138.683
195          1 -2.821700e-04 -2.781020e-04  0.000119   -5575.5800   -7350.370  2193.32         16    2412   2181.7300     73.780 -138.683
196          1 -3.039300e-04 -3.216610e-04  0.000306   -5509.0100   -7293.820  2193.45         16    2412   2181.7300     73.780 -138.683
198          1  4.676550e-05  1.799840e-05  0.000191   -5395.8500   -7185.550  2193.67         16    2412   2181.7300     73.780 -138.683
199          1 -3.049520e-03 -2.543150e-03  0.001094   -5622.5200   -7366.240  2193.26         16    2412   2181.7300     73.780 -138.683
200          1 -1.024170e-01 -8.598200e-02  0.037791   -5616.5000   -7362.430  2193.27         16    2412   2181.7300     73.780 -138.683
201          1 -8.103550e-04 -6.740830e-04  0.000298   -5617.1400   -7361.410  2193.27         16    2412   2181.7300     73.780 -138.683
202          1 -4.546910e-03 -3.847820e-03  0.001763   -5607.0400   -7355.730  2193.29         16    2412   2181.7300     73.780 -138.683
203          1 -7.857350e-03 -6.249800e-03  0.002869   -5616.3300   -7356.560  2193.28         16    2412   2181.7300     73.780 -138.683
204          1 -5.026870e-03 -3.993900e-03  0.001797   -5618.6300   -7358.280  2193.28         16    2412   2181.7300     73.780 -138.683
205          1 -1.745940e-02 -1.447720e-02  0.006688   -5612.1300   -7356.280  2193.28         16    2412   2181.7300     73.780 -138.683
206          1 -1.269610e-02 -9.867860e-03  0.004370   -5621.0200   -7360.330  2193.27         16    2412   2181.7300     73.780 -138.683
209          1 -5.140690e-02 -4.436350e-02  0.018836   -5618.2500   -7369.330  2193.26         16    2412   2181.7300     73.780 -138.683
210          1 -1.135030e-01 -1.032160e-01  0.047690   -5588.0800   -7352.400  2193.31         16    2412   2181.7300     73.780 -138.683
211          1 -1.523790e-02 -1.395580e-02  0.006213   -5593.0600   -7358.650  2193.30         16    2412   2181.7300     73.780 -138.683
212          1 -5.274910e-02 -4.871280e-02  0.020993   -5596.4300   -7362.160  2193.29         16    2412   2181.7300     73.780 -138.683
213          1 -2.932930e-02 -2.996190e-02  0.012236   -5592.8000   -7368.800  2193.29         16    2412   2181.7300     73.780 -138.683
214          1 -3.575560e-02 -3.185070e-02  0.013981   -5608.7400   -7364.360  2193.28         16    2412   2181.7300     73.780 -138.683
215          1 -8.120780e-04 -7.187130e-04  0.000315   -5609.3900   -7364.400  2193.28         16    2412   2181.7300     73.780 -138.683
216          1 -2.159740e-04  3.673150e-04  0.000072   -5610.0300   -7352.500  2193.29         16    2412   2181.7300     73.780 -138.683
218          1 -4.522330e-03 -4.035430e-03  0.001784   -5608.4600   -7364.280  2193.28         16    2412   2181.7300     73.780 -138.683
219          1 -3.729340e-02 -3.313500e-02  0.014374   -5609.5800   -7365.160  2193.28         16    2412   2181.7300     73.780 -138.683
220          1 -1.170130e-02 -1.061390e-02  0.004658   -5608.6200   -7364.840  2193.28         16    2412   2181.7300     73.780 -138.683
221          1 -5.648970e-03 -5.149770e-03  0.002017   -5611.8900   -7367.950  2193.27         16    2412   2181.7300     73.780 -138.683
224          1 -1.220130e-01 -1.086740e-01  0.047279   -5609.4500   -7365.080  2193.28         16    2412   2181.7300     73.780 -138.683
225          1 -3.976270e-05 -1.610820e-04  0.000655   -5323.3200   -7101.680  2193.82         16    2412   2181.7300     73.780 -138.683
226          1 -2.922120e-01 -2.532010e-01  0.109048   -5618.2500   -7369.260  2193.26         16    2412   2181.7300     73.780 -138.683
227          1 -6.818020e-05 -6.899790e-04  0.000563   -5014.7000   -7426.730  2193.70         16    2412   2181.7300     73.780 -138.683
228          1 -7.893320e-03 -7.807250e-03  0.001939   -5826.8500   -7621.020  2192.78         16    2412   2181.7300     73.780 -138.683
229          1 -1.974910e-02 -1.891730e-02  0.006359   -5699.4900   -7479.850  2193.06         16    2412   2181.7300     73.780 -138.683
230          1 -8.514580e-03 -7.318780e-03  0.003187   -5617.2900   -7365.010  2193.27         16    2412   2181.7300     73.780 -138.683
231          1 -9.676650e-03 -8.316890e-03  0.004083   -5572.3800   -7326.860  2193.35         16    2412   2181.7300     73.780 -138.683
232          1 -3.847660e-04 -6.046820e-04  0.000180   -5515.4200   -7374.610  2193.35         16    2412   2181.7300     73.780 -138.683
233          1 -4.740430e-04 -3.901800e-04  0.000272   -5492.1200   -7256.480  2193.50         16    2412   2181.7300     73.780 -138.683
234          1 -2.107260e-03 -1.704950e-03  0.001267   -5488.2200   -7252.290  2193.51         16    2412   2181.7300     73.780 -138.683
236          1 -4.578370e-02 -3.762790e-02  0.023280   -5497.5600   -7259.140  2193.50         16    2412   2181.7300     73.780 -138.683
237          1 -1.547530e-01 -1.336440e-01  0.058079   -5616.2900   -7365.790  2193.27         16    2412   2181.7300     73.780 -138.683
238          1 -1.133910e+00 -9.806990e-01  0.425502   -5615.3800   -7365.720  2193.27         16    2412   2181.7300     73.780 -138.683
239          1 -2.138190e-02 -1.901680e-02  0.008070   -5617.5100   -7367.960  2193.27         16    2412   2181.7300     73.780 -138.683
241          1 -6.011210e-04 -4.043610e-04  0.000365   -5610.8800   -7358.250  2193.28         16    2412   2181.7300     73.780 -138.683
242          1 -3.898550e-02 -3.370720e-02  0.015161   -5616.3800   -7365.140  2193.27         16    2412   2181.7300     73.780 -138.683
243          1 -8.346860e-02 -7.289990e-02  0.031999   -5617.2100   -7365.990  2193.27         16    2412   2181.7300     73.780 -138.683
244          1 -1.088480e-02 -9.639110e-03  0.004261   -5617.1300   -7366.000  2193.27         16    2412   2181.7300     73.780 -138.683
245          1 -3.257240e-03 -2.893130e-03  0.001279   -5617.1200   -7366.000  2193.27         16    2412   2181.7300     73.780 -138.683
247          1 -8.969340e-05  5.480940e-05  0.000189   -5413.0800   -7262.610  2193.56         16    2412   2181.7300     73.780 -138.683
248          1 -8.662740e-05 -1.141710e-04  0.000057   -5539.6600   -7310.200  2193.40         16    2412   2181.7300     73.780 -138.683
249          1 -7.034440e-05  2.306410e-04  0.000308   -5526.0800   -7273.400  2193.45         16    2412   2181.7300     73.780 -138.683
250          1 -1.409670e-02 -1.251260e-02  0.005567   -5592.0600   -7351.720  2193.31         16    2412   2181.7300     73.780 -138.683
251          1 -1.090120e-02 -8.894120e-03  0.003795   -5622.9400   -7365.050  2193.26         16    2412   2181.7300     73.780 -138.683
252          1 -1.286400e-03 -8.902770e-04  0.000435   -5629.7200   -7351.590  2193.27         16    2412   2181.7300     73.780 -138.683
253          1 -8.017270e-04 -4.530730e-04  0.000348   -5631.1000   -7347.330  2193.28         16    2412   2181.7300     73.780 -138.683
255          1 -3.617920e-04 -2.660740e-04  0.000069   -5673.3300   -7383.000  2193.20         16    2412   2181.7300     73.780 -138.683
256          1 -3.476000e-02 -2.567230e-02  0.005529   -5687.3300   -7393.510  2193.17         16    2412   2181.7300     73.780 -138.683
257          1 -6.761230e-01 -5.831650e-01  0.251833   -5619.4100   -7367.930  2193.26         16    2412   2181.7300     73.780 -138.683
258          1  3.814360e-04 -1.060000e-04  0.000411   -4725.5000   -5192.780  2196.13         16    2412   2181.7300     73.780 -138.683
260          1 -1.547050e-03 -6.220990e-04  0.002272    1996.8100   -1784.800  2199.44         16    2412   2181.7300     73.780 -138.683
262          1 -9.306010e-05  4.835630e-04  0.000065   -7899.0000   -5498.780  2192.73         16    2412   2181.7300     73.780 -138.683
263          1 -1.918960e-03 -1.404900e-03  0.000781   -8003.7600   -6090.080  2192.06         16    2412   2181.7300     73.780 -138.683
264          1  1.915330e-04 -2.206040e-04  0.000208   -6602.9000   -5722.340  2194.01         16    2412   2181.7300     73.780 -138.683
265          1 -4.812230e-03 -6.103170e-03  0.002907   -7713.3100   -6194.380  2192.32         16    2412   2181.7300     73.780 -138.683
266          1  1.978140e-04 -7.840350e-05  0.000482   -7618.5800   -5875.870  2192.74         16    2412   2181.7300     73.780 -138.683
267          1 -9.483880e-03 -5.340590e-03  0.006268   -7781.4800   -5867.560  2192.55         16    2412   2181.7300     73.780 -138.683
268          1 -5.796830e-03 -4.427420e-03  0.003881   -7788.4400   -5948.470  2192.47         16    2412   2181.7300     73.780 -138.683
269          1 -5.561610e-03 -2.381290e-03  0.002810   -7683.7400   -5552.180  2192.95         16    2412   2181.7300     73.780 -138.683
270          1 -2.773800e-03 -1.652320e-03  0.001506   -7590.8300   -5610.110  2193.01         16    2412   2181.7300     73.780 -138.683
271          1 -1.114480e-04 -8.145470e-05  0.000053   -7728.1000   -5839.840  2192.64         16    2412   2181.7300     73.780 -138.683
272          1 -2.330700e-03 -1.757030e-03  0.001081   -7732.3200   -5846.240  2192.63         16    2412   2181.7300     73.780 -138.683
273          1 -2.779490e-04 -1.976870e-04  0.000118   -7745.1900   -5849.670  2192.61         16    2412   2181.7300     73.780 -138.683
274          1 -4.666530e-03 -3.230370e-03  0.001463   -7793.3900   -5880.320  2192.52         16    2412   2181.7300     73.780 -138.683
275          1  4.152920e-06 -2.371970e-05  0.000049   -7724.7100   -5875.190  2192.61         16    2412   2181.7300     73.780 -138.683
277          1  3.174510e-04  6.996890e-05  0.000073   -7382.1200   -5725.790  2193.15         16    2412   2181.7300     73.780 -138.683
278          1 -1.693490e-03 -1.925610e-04  0.000651   -7814.3000   -5732.490  2192.63         16    2412   2181.7300     73.780 -138.683
279          1 -1.292030e-03 -6.664730e-04  0.000631   -7766.6800   -5779.950  2192.65         16    2412   2181.7300     73.780 -138.683
280          1  2.293220e-04 -1.198340e-04  0.000077   -7748.7900   -5822.830  2192.63         16    2412   2181.7300     73.780 -138.683
281          1 -5.050730e-05 -1.329610e-04  0.000055   -7750.9800   -5740.420  2192.70         16    2412   2181.7300     73.780 -138.683
282          1 -3.503550e-03 -5.333190e-04  0.001227   -7790.5700   -5732.480  2192.66         16    2412   2181.7300     73.780 -138.683
283          1 -9.045780e-03 -6.484240e-03  0.004673   -7716.5200   -5831.100  2192.66         16    2412   2181.7300     73.780 -138.683
284          1 -6.150270e-04 -4.441930e-04  0.000778   -7532.1900   -5626.110  2193.07         16    2412   2181.7300     73.780 -138.683
285          1 -6.031050e-05 -1.161260e-04  0.000265   -7327.2400   -5718.360  2193.22         16    2412   2181.7300     73.780 -138.683
286          1 -4.621310e-03 -1.046470e-03  0.001893   -7997.6500   -5668.790  2192.46         16    2412   2181.7300     73.780 -138.683
290          1 -4.239420e-04 -2.288130e-04  0.000674    -323.9160   -1470.320  2199.82         16    2412   2181.7300     73.780 -138.683
291          1 -3.722760e-04 -3.763900e-04  0.000285    -198.2420   -1429.210  2199.84         16    2412   2181.7300     73.780 -138.683
292          1 -2.248420e-03 -1.266950e-03  0.000232    -501.5460   -1594.390  2199.78         16    2412   2181.7300     73.780 -138.683
294          1 -1.085670e-02 -1.092160e-02  0.007037    -473.6000   -1581.050  2199.79         16    2412   2181.7300     73.780 -138.683
295          1 -1.198230e-02 -1.026720e-02  0.006015    -363.8830   -1524.420  2199.81         16    2412   2181.7300     73.780 -138.683
296          1 -1.560990e-04  1.345990e-04  0.000102     510.6720    -559.452  2199.95         16    2412   2181.7300     73.780 -138.683
297          1 -2.759450e-02 -2.309450e-02  0.012993    -384.7270   -1529.370  2199.80         16    2412   2181.7300     73.780 -138.683
298          1 -9.960390e-05 -8.078670e-04  0.000742    -299.1240   -1412.380  2199.84         16    2412   2181.7300     73.780 -138.683
299          1 -1.793810e-06  1.204600e-05  0.000109    -326.9740   -1363.080  2199.85         16    2412   2181.7300     73.780 -138.683
300          1 -9.905870e-05  2.043920e-04  0.000247    -334.6000   -1387.620  2199.84         16    2412   2181.7300     73.780 -138.683
301          1 -5.164260e-02 -4.007990e-02  0.023474    -406.6600   -1481.230  2199.81         16    2412   2181.7300     73.780 -138.683
302          1  7.148440e-05 -1.739930e-04  0.000412     265.0550   -1120.230  2199.90         16    2412   2181.7300     73.780 -138.683
303          1 -6.181380e-03 -2.217280e-03  0.002828    -474.8900   -1339.140  2199.84         16    2412   2181.7300     73.780 -138.683
304          1 -1.200010e-02 -8.250230e-03  0.005228    -465.0120   -1454.900  2199.82         16    2412   2181.7300     73.780 -138.683
305          1 -4.297250e-03 -1.289930e-03  0.002672    -410.7090   -1302.730  2199.85         16    2412   2181.7300     73.780 -138.683
306          1 -6.868380e-03 -2.732870e-03  0.001552    -499.8830   -1473.480  2199.81         16    2412   2181.7300     73.780 -138.683
307          1 -5.646340e-05 -2.584240e-05  0.000035    -421.4530   -1448.670  2199.82         16    2412   2181.7300     73.780 -138.683
308          1 -1.950320e-04 -2.638400e-05  0.000435     146.6380    -978.436  2199.92         16    2412   2181.7300     73.780 -138.683
309          1 -2.146430e-02 -1.740960e-02  0.008870    -489.7260   -1604.370  2199.78         16    2412   2181.7300     73.780 -138.683
310          1 -8.246460e-03 -3.899320e-03  0.002834    -559.4070   -1486.900  2199.80         16    2412   2181.7300     73.780 -138.683
311          1 -4.047310e-03 -2.917560e-03  0.001913    -403.7250   -1480.510  2199.82         16    2412   2181.7300     73.780 -138.683
312          1 -2.247650e-04 -2.231570e-04  0.000208     -42.9591   -1499.280  2199.82         16    2412   2181.7300     73.780 -138.683
313          1 -8.535310e-03 -8.436360e-03  0.005641    -208.4920   -1459.960  2199.83         16    2412   2181.7300     73.780 -138.683
314          1 -3.511880e-04 -3.125610e-04  0.000360      10.3383   -1288.700  2199.87         16    2412   2181.7300     73.780 -138.683
315          1  1.413530e-04 -6.991380e-04  0.000982     150.6950   -1259.760  2199.87         16    2412   2181.7300     73.780 -138.683
316          1 -4.927140e-02 -4.133750e-02  0.021131    -477.0250   -1611.070  2199.78         16    2412   2181.7300     73.780 -138.683
317          1 -3.231220e-02 -2.764400e-02  0.014239    -451.2860   -1605.130  2199.78         16    2412   2181.7300     73.780 -138.683
318          1 -1.151260e-03 -1.325770e-03  0.002028      45.1140   -1230.410  2199.88         16    2412   2181.7300     73.780 -138.683
319          1 -4.328690e-03 -2.600530e-03  0.002288    -501.0900   -1486.830  2199.81         16    2412   2181.7300     73.780 -138.683
320          1 -2.706630e-05 -1.776440e-04  0.000035    -187.7650   -1568.950  2199.80         16    2412   2181.7300     73.780 -138.683
321          1  9.627990e-05 -9.890310e-04  0.002831    -231.1470   -1454.070  2199.83         16    2412   2181.7300     73.780 -138.683
322          1  1.745610e-04  2.316490e-04  0.000390     158.6150   -1030.760  2199.91         16    2412   2181.7300     73.780 -138.683
323          1 -1.604350e-04 -2.444720e-04  0.000184     -92.5838   -1446.670  2199.84         16    2412   2181.7300     73.780 -138.683
324          1 -2.124750e-04 -1.832510e-04  0.000116    -399.9490   -1571.580  2199.79         16    2412   2181.7300     73.780 -138.683
327          1 -5.455150e-03 -4.318300e-03  0.004275    -228.7630   -1397.350  2199.84         16    2412   2181.7300     73.780 -138.683
328          1 -7.667950e-05 -9.686960e-05  0.000120     -71.4564   -1220.960  2199.88         16    2412   2181.7300     73.780 -138.683
329          1 -3.194270e-02 -2.614950e-02  0.012385    -537.6080   -1652.470  2199.76         16    2412   2181.7300     73.780 -138.683
330          1 -6.608870e-03 -5.665570e-03  0.002642    -515.7230   -1662.090  2199.76         16    2412   2181.7300     73.780 -138.683
331          1 -4.705180e-04 -6.961990e-04  0.000453    -785.7690   -2004.940  2199.64         16    2412   2181.7300     73.780 -138.683
334          1 -4.621080e-04  2.160700e-03  0.002087   -1279.6200  -16647.600  2178.13         17    2412   2767.4200     72.340   84.605
335          1 -2.358910e-04  6.758330e-05  0.000121   -1108.9600  -15888.900  2180.10         17    2412   2767.4200     72.340   84.605
336          1  5.020200e-03  4.958340e-02  0.019270   -1058.2700  -15942.600  2179.97         17    2412   2767.4200     72.340   84.605
337          1  5.172300e-02  5.088050e-01  0.199476   -1058.6300  -15952.800  2179.95         17    2412   2767.4200     72.340   84.605
338          1 -1.809660e-04 -2.115340e-05  0.000394   -1263.8100  -16697.000  2178.00         17    2412   2767.4200     72.340   84.605
339          1  1.288630e-05  8.050210e-05  0.000518   -1117.7000  -16564.200  2178.38         17    2412   2767.4200     72.340   84.605
340          1  5.176050e-05 -6.343280e-05  0.000177   -1066.0000  -16712.800  2178.00         17    2412   2767.4200     72.340   84.605
341          1  2.440510e-05  3.949190e-04  0.000212   -1055.1200  -15984.700  2179.87         17    2412   2767.4200     72.340   84.605
342          1 -8.229180e-04  1.659180e-03  0.002597   -1077.2200  -16049.500  2179.70         17    2412   2767.4200     72.340   84.605
343          1  1.192100e-02  5.364720e-02  0.018389   -1033.8600  -15932.600  2180.00         17    2412   2767.4200     72.340   84.605
344          1  1.269310e-03  1.379900e-02  0.005310   -1048.0800  -15943.900  2179.97         17    2412   2767.4200     72.340   84.605
345          1  7.592750e-06  5.792940e-05  0.000020   -1045.1100  -15935.400  2179.99         17    2412   2767.4200     72.340   84.605
347          1  1.210470e-05  9.971500e-05  0.000039   -1045.2300  -15943.800  2179.97         17    2412   2767.4200     72.340   84.605
348          1  7.267040e-03  5.425950e-02  0.020356   -1042.9700  -15941.500  2179.98         17    2412   2767.4200     72.340   84.605
349          1  4.228180e-05  1.558110e-05  0.000126   -1043.8000  -16016.300  2179.79         17    2412   2767.4200     72.340   84.605
350          1  3.475210e-05  2.420180e-04  0.000092   -1043.0000  -15942.700  2179.98         17    2412   2767.4200     72.340   84.605
351          1  1.340990e-02  9.289840e-02  0.035106   -1042.9900  -15942.700  2179.98         17    2412   2767.4200     72.340   84.605
355          1  8.676670e-04  4.482250e-04  0.000278   -1991.2000   -7548.960  2195.22         17    2412   2767.4200     72.340   84.605
356          1 -2.369430e-05 -2.503950e-04  0.000255   -1888.4100   -8625.400  2193.88         17    2412   2767.4200     72.340   84.605
357          1 -1.993870e-05  6.615280e-05  0.000483   -2130.3200   -7879.500  2194.77         17    2412   2767.4200     72.340   84.605
358          1 -8.584090e-04  1.316830e-02  0.006377   -2168.5600   -7577.380  2195.13         17    2412   2767.4200     72.340   84.605
359          1  6.196690e-04  6.364170e-04  0.000715   -2084.0500   -7417.680  2195.34         17    2412   2767.4200     72.340   84.605
360          1 -2.877220e-05  3.816720e-06  0.000047   -2149.3000   -7699.300  2194.99         17    2412   2767.4200     72.340   84.605
361          1 -8.807810e-05  1.794260e-04  0.000186   -2165.8600   -7530.810  2195.18         17    2412   2767.4200     72.340   84.605
362          1 -1.160060e-03  2.753830e-02  0.006726   -2287.4000   -7267.710  2195.45         17    2412   2767.4200     72.340   84.605
363          1  1.267240e-06 -6.011160e-05  0.000123   -2202.6700   -8115.990  2194.45         17    2412   2767.4200     72.340   84.605
364          1  1.041500e-04  2.418840e-04  0.000229   -2140.6600   -8038.420  2194.57         17    2412   2767.4200     72.340   84.605
365          1  6.195490e-04  1.049650e-02  0.003014   -2145.3600   -7499.100  2195.23         17    2412   2767.4200     72.340   84.605
366          1  4.171070e-05  5.137660e-04  0.001034   -2160.6200   -7787.510  2194.88         17    2412   2767.4200     72.340   84.605
367          1  1.512750e-04  3.395760e-04  0.000393   -2168.0200   -6990.600  2195.80         17    2412   2767.4200     72.340   84.605
369          1 -6.424920e-04  8.062250e-03  0.002051   -2200.0400   -7439.500  2195.28         17    2412   2767.4200     72.340   84.605
370          1 -3.178770e-04  3.740510e-03  0.000838   -2205.9200   -7405.510  2195.32         17    2412   2767.4200     72.340   84.605
371          1 -1.489010e-03  3.200330e-03  0.000366   -2250.6100   -7315.620  2195.40         17    2412   2767.4200     72.340   84.605
373          1 -7.634950e-04  1.406840e-03  0.000609   -2295.5000   -7624.200  2195.03         17    2412   2767.4200     72.340   84.605
374          1  6.771590e-03  1.088420e-01  0.032228   -2144.4300   -7514.070  2195.21         17    2412   2767.4200     72.340   84.605
375          1  5.797390e-04  5.314860e-04  0.000364   -1996.8400   -7510.600  2195.26         17    2412   2767.4200     72.340   84.605
376          1  9.670400e-04  1.607400e-02  0.004719   -2143.9600   -7512.520  2195.21         17    2412   2767.4200     72.340   84.605
377          1  6.476720e-03  1.020000e-01  0.029106   -2142.5200   -7504.680  2195.22         17    2412   2767.4200     72.340   84.605
378          1  5.880920e-02  8.963360e-01  0.265620   -2143.0300   -7514.890  2195.21         17    2412   2767.4200     72.340   84.605
380          1 -2.075780e-04 -2.064480e-07  0.000323   -1310.6200    3212.300  2199.06         17    2412   2767.4200     72.340   84.605
381          1  5.754310e-05 -7.429790e-05  0.000038    -941.1860    2727.810  2199.35         17    2412   2767.4200     72.340   84.605
382          1 -3.202620e-04  4.261610e-05  0.000567   -1286.4000    3450.850  2198.94         17    2412   2767.4200     72.340   84.605
383          1 -9.702220e-06 -6.211340e-05  0.000177   -1216.6800    3537.500  2198.90         17    2412   2767.4200     72.340   84.605
384          1  1.145330e-04  6.093520e-05  0.000151   -1143.4900    3380.450  2199.00         17    2412   2767.4200     72.340   84.605
385          1 -6.848460e-04  1.560830e-02  0.002768   -1278.1300    4075.780  2198.57         17    2412   2767.4200     72.340   84.605
386          1 -1.758150e-03  8.070500e-03  0.001904   -1387.7500    3846.010  2198.69         17    2412   2767.4200     72.340   84.605
387          1 -7.555550e-03  8.079900e-02  0.013977   -1326.4000    4099.160  2198.54         17    2412   2767.4200     72.340   84.605

