Tabla para CorsikaId 6:
      CorsikaId         px         py         pz             x            y        z  shower_id  prm_id  prm_energy  prm_theta  prm_phi
2             6   2.221620  -0.618008   2.177720   -562.118000   -157.51300  2199.97          2     703    214.0730     48.577  -14.098
12            6  -4.046010   0.403696   3.472570   1021.690000  -2115.02000  2199.57          3     703    180.0230     51.574  173.528
95            6   1.807560  -1.561170   2.611830   5276.750000  -5306.91000  2195.61          6     703    204.2820     27.045  -49.534
96            6   0.044928   0.132068   0.260836   -671.640000   1361.90000  2199.82          6     703    204.2820     27.045  -49.534
100           6  -0.073528  -0.026504   0.838887   4899.580000   7066.83000  2194.20          7     703    244.4650     33.548 -123.487
102           6  -0.427783  -0.357545   0.557934 -10135.700000  -3647.17000  2190.90          7     703    244.4650     33.548 -123.487
118           6  -2.473040  -0.693627   1.685420  -1376.610000  -3585.79000  2198.84         11     703     91.8340     55.502 -161.564
126           6  -1.466510  -0.322363   2.110600   1720.650000   -865.08400  2199.71         16     703    142.6930     46.495 -159.778
133           6  -0.470783  -0.653759   0.642588    -38.448800  -5180.53000  2197.89         17     703    182.9650     53.670 -125.088
148           6   0.968010   0.445453   1.263150   -306.769000    995.88500  2199.91         24    1206    160.5000     36.929   10.069
158           6   4.185760  -1.471860   1.837150   5175.610000   2510.73000  2197.40         27    1206    281.8170     69.843  -25.579
166           6   0.586465   1.712300   1.742670  -3806.960000  -5493.57000  2196.50         30    1206    332.1460     50.570   67.962
188           6   0.069645   0.120099   0.234552   4233.430000  -5947.10000  2195.82         34    1206     80.3153     28.172   56.478
223           6  -0.896845  -1.153970   1.756960  -1106.980000  -5341.92000  2197.67         40    1206    121.2740     34.533 -125.392
238           6  -0.063531  -0.183062   0.314145   -448.156000  -1627.62000  2199.78         44    1206    243.1040      5.162 -124.563
240           6  -0.059964  -0.073641   0.928915    -57.327600  -1466.03000  2199.83         44    1206    243.1040      5.162 -124.563
312           6  -0.020937  -0.260511   0.461704   -153.063000  -1840.09000  2199.73         44    1206    243.1040      5.162 -124.563
333           6   0.031860  -0.156596   0.709972   1820.620000  -3598.86000  2198.72         44    1206    243.1040      5.162 -124.563
337           6   0.092339  -0.067622   0.252598  -2824.860000  -4585.88000  2197.72         46    1206    103.3080     17.280   31.552
341           6   0.073672   0.052165   0.309986  -3446.650000  -2103.59000  2198.72         46    1206    103.3080     17.280   31.552
396           6   0.852888   0.939256   0.746878  -7038.380000  -5106.34000  2194.07         48    1206    178.1020     60.740   41.073
427           6   0.335542   0.204339   0.301162   3433.420000  -1239.11000  2198.95         55    1206    349.1450     43.015   35.283
428           6   0.932891   0.555911   1.120360    834.057000  -4024.91000  2198.67         55    1206    349.1450     43.015   35.283
461           6  -1.848050  -1.056350   1.731590   -218.310000  -1226.65000  2199.88         59    1206    414.6070     52.458 -148.318
462           6  -1.203210  -0.613895   1.057160  -2895.620000  -2043.40000  2199.01         59    1206    414.6070     52.458 -148.318
465           6  -1.537270  -0.984082   1.582170    813.580000  -1969.21000  2199.64         59    1206    414.6070     52.458 -148.318
466           6  -2.556920  -1.464720   2.658000    742.297000  -1064.58000  2199.87         59    1206    414.6070     52.458 -148.318
499           6   0.337187   1.272070   2.232160  -5515.400000    -76.36530  2197.61         60    1206    259.4520     35.023   40.725
504           6  -0.013985   0.018263   0.096852  -3898.560000  -5079.85000  2196.78         60    1206    259.4520     35.023   40.725
507           6  -0.177875   0.897631   1.104050   -802.193000  -4925.07000  2198.05         62    1206    196.2320     39.766  100.205
511           6  -0.480742   0.380367   0.892357     -6.430000  -1170.79000  2199.89         64    1206    429.5540     30.718  141.373
514           6  -0.569516   0.562420   1.134710  -1037.970000    310.00900  2199.91         64    1206    429.5540     30.718  141.373
533           6  -3.115570   2.392760   5.872750   -740.203000   -642.33000  2199.92         64    1206    429.5540     30.718  141.373
534           6  -0.406446   0.534970   1.219700   1062.740000    101.17500  2199.91         64    1206    429.5540     30.718  141.373
536           6  -1.115270   0.324106   1.702170  -1015.230000   -869.33200  2199.86         64    1206    429.5540     30.718  141.373
537           6  -4.239370   2.935690   7.394870  -2039.960000   -169.68200  2199.67         64    1206    429.5540     30.718  141.373
570           6  -0.127277   0.483174   0.391180   5595.170000  -5453.22000  2195.21         65    1206    126.5510     49.036  122.209
582           6  -0.606010   0.595398   1.067100  -3633.070000    336.06200  2198.96         72    1206    197.5150     27.878  141.033
628           6   1.146450   0.796107   1.367600   2441.340000  -1686.07000  2199.31         73    1206    573.7340     41.670   43.474
637           6   0.062401   0.073886   0.188592  -1567.250000  -3220.94000  2198.99         73    1206    573.7340     41.670   43.474
639           6   1.615030   1.984450   2.819350  -1967.010000    797.02800  2199.65         73    1206    573.7340     41.670   43.474
640           6   0.649849   0.824665   1.581940  -1664.310000  -1150.21000  2199.68         73    1206    573.7340     41.670   43.474
641           6   3.073800   3.273860   5.402710   -778.089000   -845.67600  2199.90         73    1206    573.7340     41.670   43.474
659           6   0.103437   0.216737   0.150439   -679.458000    879.43500  2199.90         73    1206    573.7340     41.670   43.474
678           6   0.082839   0.063185   0.071573    228.145000    -81.35310  2200.00         73    1206    573.7340     41.670   43.474
681           6   0.087490   0.084822   0.357077   -842.974000  -1444.94000  2199.78         73    1206    573.7340     41.670   43.474
685           6   1.423880   1.333690   2.020390    338.889000   -342.62900  2199.98         73    1206    573.7340     41.670   43.474
695           6   6.077410   5.779140   9.182660   -177.059000   -486.97200  2199.98         73    1206    573.7340     41.670   43.474
696           6   0.007760   0.076072   0.126014  -1970.170000  -3046.80000  2198.97         73    1206    573.7340     41.670   43.474
719           6   0.617062   0.929270   1.301200  -2606.960000     79.96840  2199.47         73    1206    573.7340     41.670   43.474
726           6  -1.345460  -0.179020   1.938010    867.383000  -5476.70000  2197.59         75    1206    194.3870     35.994  173.152
728           6   0.047582  -0.005278   0.152403    -31.613100  -2353.65000  2199.57         76    1206     87.7014     23.621  -50.669
736           6   0.125549  -0.107892   0.344415   1174.430000  -3550.25000  2198.90         76    1206     87.7014     23.621  -50.669
740           6  -1.331480  -2.851380   3.358480   -216.967000   -534.88800  2199.97         77    1206   4245.4700     42.367 -114.469
791           6  -2.772700  -6.396790   7.828240    228.209000    -52.59350  2200.00         77    1206   4245.4700     42.367 -114.469
854           6  -0.710379  -1.681470   2.742830    580.213000    392.97800  2199.96         77    1206   4245.4700     42.367 -114.469
865           6  -0.749553  -1.372000   1.646440   -999.649000    290.08900  2199.92         77    1206   4245.4700     42.367 -114.469
866           6  -2.065160  -4.424640   5.735380    282.929000    400.03100  2199.98         77    1206   4245.4700     42.367 -114.469
867           6 -12.535900 -27.327200  32.438300   -112.268000   -336.79400  2199.99         77    1206   4245.4700     42.367 -114.469
868           6  -0.341377  -0.204392   0.440668  -5328.950000    793.01300  2197.72         77    1206   4245.4700     42.367 -114.469
874           6  -0.379628  -0.984687   1.786090   1859.350000   3221.59000  2198.91         77    1206   4245.4700     42.367 -114.469
876           6  -6.723290 -14.027000  16.624800   -341.768000   -410.90800  2199.98         77    1206   4245.4700     42.367 -114.469
878           6  -1.787440  -3.468260   4.583990    117.312000    958.68500  2199.93         77    1206   4245.4700     42.367 -114.469
883           6  -1.665190  -3.453740   4.335220   -267.676000    248.25400  2199.99         77    1206   4245.4700     42.367 -114.469
884           6  -2.864220  -5.595740   6.788260   -524.903000   -351.22700  2199.97         77    1206   4245.4700     42.367 -114.469
893           6  -0.233948  -0.615219   0.900877    678.702000    606.15200  2199.94         77    1206   4245.4700     42.367 -114.469
894           6  -0.486849  -1.007400   1.287130    292.350000     24.63130  2199.99         77    1206   4245.4700     42.367 -114.469
961           6  -9.790700 -21.058800  26.017400     -3.933420      2.05377  2200.00         77    1206   4245.4700     42.367 -114.469
970           6  -1.505310  -2.977950   3.622400   -543.501000   -178.04100  2199.97         77    1206   4245.4700     42.367 -114.469
986           6   0.020722  -0.082006   0.130928   1394.280000  -1069.83000  2199.76         77    1206   4245.4700     42.367 -114.469
994           6   0.130751  -0.153046   0.099888   1520.110000   -906.27900  2199.75         77    1206   4245.4700     42.367 -114.469
1004          6   0.001513  -0.123410   0.093873    750.058000  -1124.25000  2199.86         77    1206   4245.4700     42.367 -114.469
1080          6  -1.007490  -2.117320   2.642600     29.569900   -151.81100  2200.00         77    1206   4245.4700     42.367 -114.469
1098          6  -1.181770  -2.838310   3.564030    165.563000   -110.48300  2200.00         77    1206   4245.4700     42.367 -114.469
1099          6  -0.225682  -0.372082   0.687563    660.902000   1343.01000  2199.82         77    1206   4245.4700     42.367 -114.469
1117          6 -11.478100 -25.266800  30.575500    -12.135800   -121.15200  2200.00         77    1206   4245.4700     42.367 -114.469
1118          6  -2.562550  -4.292740   4.968510  -1098.530000   -612.37600  2199.88         77    1206   4245.4700     42.367 -114.469
1120          6  -1.075410  -2.637880   3.395200    428.362000    135.99300  2199.98         77    1206   4245.4700     42.367 -114.469
1164          6  -0.272580  -0.230394   0.345002  -1460.630000    425.41300  2199.82         77    1206   4245.4700     42.367 -114.469
1180          6  -0.411159  -0.908617   1.241250    280.209000    106.18000  2199.99         77    1206   4245.4700     42.367 -114.469
1214          6  -3.146760  -7.366850   8.750570    157.269000   -353.98800  2199.99         77    1206   4245.4700     42.367 -114.469
1232          6  -0.640430  -1.197640   1.277920   -706.590000   -973.96600  2199.89         77    1206   4245.4700     42.367 -114.469
1236          6  -0.858527  -1.425350   1.762950   -942.224000   -227.23500  2199.93         77    1206   4245.4700     42.367 -114.469
1260          6  -0.762194  -1.486070   1.791230   -254.573000   -151.40700  2199.99         77    1206   4245.4700     42.367 -114.469
1262          6  -0.069250  -0.230044   0.294942    -68.008700   -113.20600  2200.00         77    1206   4245.4700     42.367 -114.469
1268          6  -0.361704  -0.534508   0.783366   -651.347000    776.00600  2199.92         77    1206   4245.4700     42.367 -114.469
1340          6  -0.415541  -1.036280   1.103500   -249.450000   -895.22300  2199.93         77    1206   4245.4700     42.367 -114.469
1341          6  -0.587000  -1.120440   1.585520    290.300000    762.04900  2199.95         77    1206   4245.4700     42.367 -114.469
1355          6  -0.650588  -1.449860   1.724110    189.703000  -1002.07000  2199.92         77    1206   4245.4700     42.367 -114.469
1359          6  -8.629860 -17.793800  22.362700    -75.517900    233.28500  2200.00         77    1206   4245.4700     42.367 -114.469
1361          6  -2.596870  -5.635500   6.740670    -90.503200   -390.98600  2199.99         77    1206   4245.4700     42.367 -114.469
1364          6  -2.956070  -6.265510   7.954390      4.451950    136.11100  2200.00         77    1206   4245.4700     42.367 -114.469
1365          6  -5.781230 -11.113400  13.780300   -455.690000      5.17376  2199.98         77    1206   4245.4700     42.367 -114.469
1369          6  -0.319889  -0.336984   0.644622   -730.020000   2216.05000  2199.57         77    1206   4245.4700     42.367 -114.469
1377          6  -0.329823  -0.440690   1.014030    536.219000   3010.03000  2199.27         77    1206   4245.4700     42.367 -114.469
1385          6  -0.779951  -1.646240   2.350780    482.742000    726.41500  2199.94         77    1206   4245.4700     42.367 -114.469
1386          6  -0.975785  -2.026130   2.139800   -998.466000  -1604.59000  2199.72         77    1206   4245.4700     42.367 -114.469
1392          6  -0.081958  -0.141340   0.184097  -1655.930000    -48.51770  2199.78         77    1206   4245.4700     42.367 -114.469
1410          6  -2.243520  -4.086350   5.401460   -196.667000    570.74800  2199.97         77    1206   4245.4700     42.367 -114.469
1412          6  -0.245090  -0.572042   0.769202   -229.994000   -205.40700  2199.99         77    1206   4245.4700     42.367 -114.469
1440          6  -3.234440  -7.590860   9.879660    751.676000    638.31100  2199.92         77    1206   4245.4700     42.367 -114.469
1441          6  -4.207080  -8.995520  11.315800     13.300100    182.60800  2200.00         77    1206   4245.4700     42.367 -114.469
1442          6  -5.383330 -11.071700  13.556500   -230.307000    -31.30820  2200.00         77    1206   4245.4700     42.367 -114.469
1447          6  -0.794416  -1.544470   2.022300   -402.353000    346.29700  2199.98         77    1206   4245.4700     42.367 -114.469
1448          6  -0.149593  -0.147249   0.634024    427.251000   6631.02000  2196.54         77    1206   4245.4700     42.367 -114.469
1454          6  -5.540130 -11.907600  14.305500   -140.763000   -249.51800  2199.99         77    1206   4245.4700     42.367 -114.469
1455          6  -2.849220  -6.273340   7.759280    167.357000     75.25940  2200.00         77    1206   4245.4700     42.367 -114.469
1470          6  -3.469990  -7.296960   8.712610    -53.284100   -174.46400  2200.00         77    1206   4245.4700     42.367 -114.469
1597          6  -0.815731  -2.249780   2.546530    405.962000   -746.95800  2199.94         77    1206   4245.4700     42.367 -114.469
1600          6  -3.114230  -5.110300   7.856230   -151.415000   1197.46000  2199.89         77    1206   4245.4700     42.367 -114.469
1652          6 -12.330500 -26.799900  32.503100    -34.040200   -129.69800  2200.00         77    1206   4245.4700     42.367 -114.469
1654          6  -1.042790  -1.484030   2.314970   -359.777000   1063.23000  2199.90         77    1206   4245.4700     42.367 -114.469
1661          6   0.010890  -0.039029   0.084980   2640.330000   1033.34000  2199.37         77    1206   4245.4700     42.367 -114.469
1662          6  -1.408850  -3.288290   3.791330     14.267000   -725.37400  2199.96         77    1206   4245.4700     42.367 -114.469
1663          6  -3.176160  -7.370970   9.416560    357.507000    118.80500  2199.99         77    1206   4245.4700     42.367 -114.469
1688          6   0.214559  -0.185072   1.426850   -648.845000  -8122.03000  2194.79         80    1206    115.5860      3.555   -0.462
1734          6   4.319530  -0.376628   2.271100 -11294.900000    275.07600  2189.99         92    1206    583.3190     65.457   -5.304
1741          6   1.779580  -0.342680   0.942710  -8465.670000  -7436.72000  2190.04         92    1206    583.3190     65.457   -5.304
1742          6   7.514770  -0.492144   3.485030  -1397.460000   1057.93000  2199.76         92    1206    583.3190     65.457   -5.304
1751          6   0.803670   0.133707   1.156330   -104.505000   -393.86300  2199.99         94    1206    222.4600     35.815    2.669
1825          6  -0.055468   1.284480   4.896280   -670.791000  -1379.97000  2199.82         96    1206    262.9110     15.553   82.536
1826          6   0.081258   0.436444   1.070400   1486.460000  -1069.72000  2199.74         97    1206    102.9940     12.428  101.310
1833          6  -0.273641  -0.140395   0.415108   1121.680000   2139.20000  2199.54        103    1206    770.3740     42.635 -135.066
1834          6  -1.157830  -0.882986   1.753050   -504.297000    726.30700  2199.94        103    1206    770.3740     42.635 -135.066
1836          6  -0.773932  -0.438489   0.972012  -1883.720000   1594.24000  2199.52        103    1206    770.3740     42.635 -135.066
1837          6  -0.193864  -0.289012   0.630612   2310.020000    993.53700  2199.50        103    1206    770.3740     42.635 -135.066
1846          6  -0.850805  -1.129480   1.191730     73.408700  -2241.88000  2199.61        103    1206    770.3740     42.635 -135.066
1850          6  -0.513762  -0.463043   0.882460    701.310000    746.92900  2199.92        103    1206    770.3740     42.635 -135.066
1856          6   0.009095  -0.022675   0.073271   3982.750000   2428.03000  2198.29        103    1206    770.3740     42.635 -135.066
1857          6  -0.088148   0.016114   0.151302    955.535000   2242.28000  2199.53        103    1206    770.3740     42.635 -135.066
1862          6  -1.206300  -0.772626   1.314550  -1435.460000   -625.34900  2199.81        103    1206    770.3740     42.635 -135.066
1879          6  -1.151290  -1.341270   2.040120    283.453000   -927.04900  2199.93        103    1206    770.3740     42.635 -135.066
1953          6  -0.095491  -0.105501   0.255960    657.735000   -856.60600  2199.91        103    1206    770.3740     42.635 -135.066
1963          6  -0.274250  -0.244695   0.828751    547.857000   -206.17200  2199.97        103    1206    770.3740     42.635 -135.066
1983          6  -4.704340  -4.655340   6.965060   -382.531000  -1146.07000  2199.89        103    1206    770.3740     42.635 -135.066
2033          6  -0.161258  -0.819085   0.706979   1877.740000  -3271.85000  2198.88        105    1206    288.7720     56.298 -103.562
2034          6  -0.278706   0.108353   0.340070    804.443000  -4027.11000  2198.68        106    1206    100.0830     38.998  167.289
2036          6  -1.278050   0.370106   1.394030  -1985.580000  -3446.95000  2198.76        106    1206    100.0830     38.998  167.289
2038          6  -0.104145  -0.081892   1.310320   1850.870000  -3845.42000  2198.57        108    1206    165.3100      6.940 -178.113
2081          6  -1.535320  -0.551284   1.558970  -5791.280000   1247.11000  2197.25        109    1206    289.2440     47.705 -147.614
2088          6   1.511960   0.485188   1.416680  -3401.100000  -2577.10000  2198.57        110    1206    383.7660     54.257   17.872
2153          6   0.583269   1.903510   1.195810   -446.993000  -2005.64000  2199.67        119    1206    562.1080     57.084   75.903
2154          6   1.690570   5.468960   3.558890    841.921000  -2365.80000  2199.51        119    1206    562.1080     57.084   75.903
2157          6   0.148043   0.433483   0.272021    553.646000  -3183.08000  2199.18        119    1206    562.1080     57.084   75.903
2158          6   0.840684   4.602620   2.874400  -2256.030000  -1133.58000  2199.50        119    1206    562.1080     57.084   75.903
2161          6   0.497839   1.462530   4.149080   -364.227000    607.93100  2199.96        120    1206    583.6290     16.666   63.900
2166          6   0.273851   0.566882   1.937990   -148.915000  -1084.74000  2199.91        120    1206    583.6290     16.666   63.900
2178          6   0.112844   0.222116   1.685470  -1267.190000  -3129.23000  2199.11        120    1206    583.6290     16.666   63.900
2198          6   0.094523   0.634586   3.027660   -585.813000   -894.83900  2199.91        120    1206    583.6290     16.666   63.900
2261          6   0.235420   0.768125   2.536340   -666.048000   -553.74200  2199.94        120    1206    583.6290     16.666   63.900
2271          6   0.257688   0.739490   2.391950    -67.123500   -111.68300  2200.00        120    1206    583.6290     16.666   63.900
2276          6   0.291931   0.476389   1.556350   1391.220000   -317.61100  2199.84        120    1206    583.6290     16.666   63.900
2292          6   0.275363   0.589669   2.003550   -113.356000     83.39070  2200.00        120    1206    583.6290     16.666   63.900
2294          6   0.803705   1.622900   4.008710    772.994000   1070.72000  2199.86        120    1206    583.6290     16.666   63.900
2295          6   0.277139   0.550928   1.471020    107.292000    595.98500  2199.97        120    1206    583.6290     16.666   63.900
2302          6   0.027138  -0.059577   0.386990     51.650500  -3009.87000  2199.29        120    1206    583.6290     16.666   63.900
2346          6  -0.236973   0.040640   0.231254   1891.240000  -4616.22000  2198.05        127    1206    142.8150     45.686  172.437
2357          6   0.385468   6.420040   5.673620  -1488.460000    777.52300  2199.78        131    1206    595.2840     45.080   82.729
2358          6   0.551761   2.061420   1.696580   2620.350000   2276.79000  2199.05        131    1206    595.2840     45.080   82.729
2359          6   1.156830  10.452700   9.867360   -573.002000   -539.53100  2199.95        131    1206    595.2840     45.080   82.729
2360          6   0.443516   2.095000   2.074680     19.163900   -731.23900  2199.96        131    1206    595.2840     45.080   82.729
2371          6   0.235976   0.469401   0.492380   1480.090000  -2082.94000  2199.49        131    1206    595.2840     45.080   82.729
2382          6   0.153400   0.607027   0.622114    206.289000  -1815.55000  2199.74        131    1206    595.2840     45.080   82.729
2413          6   0.348224   2.851380   2.575520   -209.313000   -435.40400  2199.98        131    1206    595.2840     45.080   82.729
2415          6   0.078146   2.287270   1.887280  -1376.570000   1524.49000  2199.67        131    1206    595.2840     45.080   82.729
2417          6   0.127939   1.799520   1.608930   -633.608000  -1119.50000  2199.87        131    1206    595.2840     45.080   82.729
2437          6   0.261379   0.251121   0.403084    793.502000  -2450.38000  2199.48        132    1206    109.8600     11.949  -53.434
2460          6  -0.042824   0.257888   0.272831  -5216.420000  -7102.80000  2193.91        136    1608    131.8630     39.853   91.342
2501          6   2.537300  -2.403270   3.912120    500.737000  -2073.19000  2199.64        146    1608    345.0220     40.849  -42.145
2503          6   0.593466  -0.632430   0.681728   7243.010000  -8572.70000  2190.12        146    1608    345.0220     40.849  -42.145
2504          6   0.344366  -0.190777   0.490843   1284.810000   -537.45200  2199.85        146    1608    345.0220     40.849  -42.145
2507          6   1.288490  -0.518387   1.677150   3260.810000   3959.59000  2197.94        146    1608    345.0220     40.849  -42.145
2543          6  -0.257996  -0.581938   1.193590  -3455.420000  -3197.07000  2198.26        154    1608    240.3240     30.090  -80.299
2558          6  -7.334720 -13.029200  12.953200    -96.600100   -820.38800  2199.95        160    1608   1930.6100     49.024 -119.130
2569          6  -2.265520  -3.494800   3.612580   -818.727000   -558.42400  2199.92        160    1608   1930.6100     49.024 -119.130
2571          6  -1.257160  -1.950490   2.750230   1312.700000   2680.88000  2199.30        160    1608   1930.6100     49.024 -119.130
2573          6  -0.198576  -0.198321   0.444627   2488.710000   3645.47000  2198.47        160    1608   1930.6100     49.024 -119.130
2574          6  -2.849950  -4.982890   4.995150    -90.636500   -703.72700  2199.96        160    1608   1930.6100     49.024 -119.130
2575          6 -11.454400 -20.949400  21.039300    283.742000   -532.30700  2199.97        160    1608   1930.6100     49.024 -119.130
2579          6  -0.273118  -0.486851   0.541117   -422.754000  -3573.13000  2198.98        160    1608   1930.6100     49.024 -119.130
2580          6  -1.179050  -1.820090   1.772030  -1351.010000  -2327.23000  2199.43        160    1608   1930.6100     49.024 -119.130
2581          6  -5.607110 -10.315400  10.144500    190.996000  -1123.57000  2199.90        160    1608   1930.6100     49.024 -119.130
2582          6  -6.236660 -10.898800  10.839800   -285.833000   -778.29600  2199.95        160    1608   1930.6100     49.024 -119.130
2584          6  -1.948240  -3.534800   3.525510   -236.706000  -1525.05000  2199.81        160    1608   1930.6100     49.024 -119.130
2586          6  -0.300363  -0.307137   0.630199     19.643300   2134.10000  2199.64        160    1608   1930.6100     49.024 -119.130
2611          6  -6.960630 -12.819500  13.028300    167.544000   -538.25400  2199.98        160    1608   1930.6100     49.024 -119.130
2615          6  -3.582560  -5.974110   6.232060   -455.463000   -263.74700  2199.98        160    1608   1930.6100     49.024 -119.130
2616          6  -1.697620  -3.106870   3.468590    977.462000    626.71100  2199.89        160    1608   1930.6100     49.024 -119.130
2619          6  -0.166417  -0.736089   0.639002   2280.350000  -1488.21000  2199.42        160    1608   1930.6100     49.024 -119.130
2620          6  -0.286068  -0.467869   0.606156   1007.380000   1001.23000  2199.84        160    1608   1930.6100     49.024 -119.130
2621          6  -4.726900  -9.464350   9.453510    467.563000   -683.21000  2199.95        160    1608   1930.6100     49.024 -119.130
2624          6  -2.976220  -5.278220   5.169110   -194.157000   -824.55800  2199.94        160    1608   1930.6100     49.024 -119.130
2625          6  -1.925470  -3.210980   3.283420    -88.169400   -648.73100  2199.97        160    1608   1930.6100     49.024 -119.130
2627          6  -0.405310  -0.409682   0.936526    851.682000   6077.27000  2197.05        160    1608   1930.6100     49.024 -119.130
2629          6  -1.047850  -1.771540   1.960170   -130.413000    389.71700  2199.99        160    1608   1930.6100     49.024 -119.130
2645          6  -0.348601  -0.453520   0.702942   1926.730000   2013.66000  2199.39        160    1608   1930.6100     49.024 -119.130
2646          6  -1.099510  -2.161280   2.331390    438.296000   -637.05500  2199.95        160    1608   1930.6100     49.024 -119.130
2652          6  -1.600860  -1.891180   2.849690    148.987000    575.25200  2199.97        160    1608   1930.6100     49.024 -119.130
2707          6  -1.936950  -3.056830   3.131570   -375.576000   -680.54400  2199.95        160    1608   1930.6100     49.024 -119.130
2738          6  -1.524980  -2.479120   2.438430   -395.998000   -975.85600  2199.91        160    1608   1930.6100     49.024 -119.130
2782          6  -1.328150  -2.985420   3.057750    913.313000   -603.28800  2199.91        160    1608   1930.6100     49.024 -119.130
2913          6  -4.925870  -7.515490   8.009800   -725.953000     65.73480  2199.96        160    1608   1930.6100     49.024 -119.130
2914          6  -0.299338  -0.410336   0.434665  -1261.260000    -59.43470  2199.87        160    1608   1930.6100     49.024 -119.130
2915          6  -2.412030  -3.854790   4.031830   -342.653000   -195.91700  2199.99        160    1608   1930.6100     49.024 -119.130
2916          6  -4.402560  -8.087610   8.166950     78.572700   -548.88900  2199.98        160    1608   1930.6100     49.024 -119.130
2923          6   0.297941   0.811923   1.258760    557.188000    737.19500  2199.93        165    1608    922.1230     26.690   63.958
2928          6   0.638192   1.713640   3.413760    -35.953100   -284.63000  2199.99        165    1608    922.1230     26.690   63.958
2930          6   0.325576   0.913010   1.958250   -499.517000    -91.49250  2199.98        165    1608    922.1230     26.690   63.958
2931          6   1.435700   2.313310   5.891010    -11.352100   -886.37900  2199.94        165    1608    922.1230     26.690   63.958
2935          6  -0.103046   0.208581   0.283979  -2633.900000    740.34400  2199.41        165    1608    922.1230     26.690   63.958
2970          6   1.962770   4.315160   8.327720     93.129500    905.69500  2199.93        165    1608    922.1230     26.690   63.958
2973          6   0.617320   1.382150   2.974210   -331.752000    104.84800  2199.99        165    1608    922.1230     26.690   63.958
2974          6   0.275499   0.515787   1.146010   -503.156000     34.28750  2199.98        165    1608    922.1230     26.690   63.958
2998          6   0.417168   1.205350   2.484200  -3454.960000   -785.17500  2199.02        165    1608    922.1230     26.690   63.958
3047          6   0.494850   2.091860   2.700530   -663.819000   4483.84000  2198.39        165    1608    922.1230     26.690   63.958
3075          6   0.361846   1.000320   2.304930   -615.269000   -959.58700  2199.90        165    1608    922.1230     26.690   63.958
3102          6   0.258437  -0.227050   0.450339  -1279.130000    937.00200  2199.80        174    1608    634.1650     43.252  -48.010
3104          6   0.825720  -0.606803   1.221250   2694.140000   3882.78000  2198.25        174    1608    634.1650     43.252  -48.010
3107          6   5.125270  -6.503660   8.445970    574.491000  -1481.68000  2199.80        174    1608    634.1650     43.252  -48.010
3111          6   1.523040  -1.833350   2.259320   1304.970000  -2692.12000  2199.30        174    1608    634.1650     43.252  -48.010
3137          6  10.557800  -4.274280   4.871590   2304.310000   -770.30500  2199.54        176    1608    747.7790     66.939  -22.087
3139          6  -0.077972   0.045017   0.123825 -43856.100000  15309.20000  2030.72        176    1608    747.7790     66.939  -22.087
3141          6   0.550010  -0.303775   0.333892  -3355.740000  -2868.97000  2198.47        176    1608    747.7790     66.939  -22.087
3156          6  -2.331120   2.127960   6.157500    406.989000  -2617.27000  2199.45        179    1608    326.0160     28.578  137.195
3195          6  -0.058576   0.167089   0.327627    652.979000  -1407.93000  2199.81        179    1608    326.0160     28.578  137.195
3213          6  -0.139374  -0.130811   0.323770   -310.313000  -2327.93000  2199.57        179    1608    326.0160     28.578  137.195
3218          6   0.203467   0.133056   0.265917   1085.000000  -2090.11000  2199.56        180    1608    321.5060     41.441   43.344
3221          6   2.108660   1.729690   3.147190   -149.451000  -3546.66000  2199.01        180    1608    321.5060     41.441   43.344
3233          6  -1.028100   4.436930   5.597650   -528.908000  -2037.59000  2199.65        182    1608    565.0380     43.047   97.532
3235          6  -0.142803   0.193517   0.738860   -366.949000  -3848.98000  2198.83        182    1608    565.0380     43.047   97.532
3246          6  -0.069936   0.153670   0.227808  -4166.480000  -6724.26000  2195.09        182    1608    565.0380     43.047   97.532
3247          6  -0.043918   0.465113   0.628375    -35.321400  -2553.36000  2199.49        182    1608    565.0380     43.047   97.532
3311          6  -0.141414   0.331598   1.035240  -5943.390000  -3205.26000  2196.42        195    1608    256.0890     25.741   63.563
3312          6  -2.352950   2.142150   2.684840   4858.980000  -1613.61000  2197.94        196    1608   2091.2800     51.698  141.357
3324          6  -1.492010   1.393180   1.501670    947.114000    171.92700  2199.93        196    1608   2091.2800     51.698  141.357
3327          6 -17.688400  14.554000  18.745400   1756.030000  -1157.15000  2199.65        196    1608   2091.2800     51.698  141.357
3328          6  -3.371690   3.305890   3.584790   2377.280000   1494.38000  2199.38        196    1608   2091.2800     51.698  141.357
3329          6 -13.288100  10.203500  13.261200   -284.202000  -1171.40000  2199.89        196    1608   2091.2800     51.698  141.357
3348          6 -32.864500  27.136700  33.999900    909.901000   -411.62300  2199.92        196    1608   2091.2800     51.698  141.357
3351          6  -2.584080   2.184210   2.236480  -3583.470000   4128.42000  2197.66        196    1608   2091.2800     51.698  141.357
3352          6  -3.200010   2.739730   2.985680  -1095.150000   1729.74000  2199.67        196    1608   2091.2800     51.698  141.357
3354          6 -11.170500   8.868550  10.854900   -315.081000     95.27040  2199.99        196    1608   2091.2800     51.698  141.357
3355          6  -1.682020   1.455110   1.764870    624.536000   -481.95400  2199.95        196    1608   2091.2800     51.698  141.357
3358          6  -1.852430   1.735040   1.889710    316.643000    162.97100  2199.99        196    1608   2091.2800     51.698  141.357
3361          6  -0.521755   0.493660   0.560576     -0.663472   -276.59000  2199.99        196    1608   2091.2800     51.698  141.357
3383          6  -0.926808   1.081350   0.886325   -352.622000   3181.38000  2199.20        196    1608   2091.2800     51.698  141.357
3388          6  -1.171920   1.742380   1.748180   3334.600000   1061.59000  2199.04        196    1608   2091.2800     51.698  141.357
3389          6  -0.634482   0.604094   0.594342   -845.621000   1262.29000  2199.82        196    1608   2091.2800     51.698  141.357
3400          6  -3.874400   2.612980   2.921720   2284.310000  -5605.50000  2197.13        200    1608    287.3100     58.591  146.519
3409          6   1.002820  -0.102339   0.598538   4442.060000    451.07900  2198.44        204    1608    242.8560     54.068  -12.066
3451          6  -0.068770   0.176714   0.753404   -963.402000    591.63900  2199.90        209    1608    430.3580      3.104  -93.892
3468          6   0.045578  -0.025577   1.669630    555.118000   -600.81000  2199.95        209    1608    430.3580      3.104  -93.892
3507          6  -0.111724  -0.283842   0.985035   -706.726000  -4004.73000  2198.70        209    1608    430.3580      3.104  -93.892
3523          6   0.009015   0.002147   0.057005      6.423160   -915.91700  2199.93        209    1608    430.3580      3.104  -93.892
3526          6   0.137339  -0.257722   2.397050    230.211000  -1183.77000  2199.89        209    1608    430.3580      3.104  -93.892
3536          6  -0.014509   0.297265   0.907730    -55.556100   1420.82000  2199.84        209    1608    430.3580      3.104  -93.892
3587          6  -0.015555  -0.714869   6.209620    -45.296000  -1687.27000  2199.78        209    1608    430.3580      3.104  -93.892
3589          6   0.252198   0.042758   1.986500   1870.090000  -1307.26000  2199.59        210    1608    176.8410      2.588 -104.212
3592          6   0.119749  -0.118315   0.947448   1633.660000  -3652.11000  2198.74        210    1608    176.8410      2.588 -104.212
3599          6   0.692432  -0.009082   2.535070   -749.184000  -1947.12000  2199.66        211    1608    245.5330     17.907    3.180
3606          6  -0.585934  -0.352067   0.561659   3107.970000   -781.53100  2199.19        212    1608    384.1170     60.497 -147.698
3624          6   7.227770  -3.281420   8.139980    453.212000   -934.28100  2199.92        216    1608   2155.2200     43.786  -22.584
3625          6   1.323770  -0.362012   1.727910  -3101.350000   2551.25000  2198.73        216    1608   2155.2200     43.786  -22.584
3627          6   0.585915  -0.248102   0.863373    -69.847900   -684.66300  2199.96        216    1608   2155.2200     43.786  -22.584
3631          6   4.952290  -1.723870   5.736310     63.094700    614.85100  2199.97        216    1608   2155.2200     43.786  -22.584
3632          6   0.518379   0.033969   0.644474  -3292.410000   2291.43000  2198.74        216    1608   2155.2200     43.786  -22.584
3634          6   1.582710  -0.638582   1.908010   -180.457000    113.50200  2200.00        216    1608   2155.2200     43.786  -22.584
3637          6   5.741930  -2.219820   5.996920   1533.120000   -363.82200  2199.81        216    1608   2155.2200     43.786  -22.584
3638          6  17.828800  -6.341450  20.001000    314.273000    549.93500  2199.97        216    1608   2155.2200     43.786  -22.584
3646          6   0.252767  -0.349356   0.402848    -67.906200  -2860.81000  2199.36        216    1608   2155.2200     43.786  -22.584
3648          6   5.012880  -1.733360   5.408410    882.560000    744.22600  2199.90        216    1608   2155.2200     43.786  -22.584
3649          6   4.289830  -1.759450   5.039760   -519.355000     23.20620  2199.98        216    1608   2155.2200     43.786  -22.584
3652          6   3.083130  -0.976582   3.558960   -500.705000   1096.61000  2199.89        216    1608   2155.2200     43.786  -22.584
3653          6   4.372940  -1.671520   5.068220   -155.505000    407.29900  2199.99        216    1608   2155.2200     43.786  -22.584
3654          6  20.848200  -8.515640  23.623900     56.439600    -89.31760  2200.00        216    1608   2155.2200     43.786  -22.584
3655          6   1.325610  -0.576940   1.514970   -756.074000   -652.56300  2199.92        216    1608   2155.2200     43.786  -22.584
3667          6   5.176460  -2.061810   5.986980    -85.517200    -84.25480  2200.00        216    1608   2155.2200     43.786  -22.584
3670          6   3.475360  -1.329230   3.847080    486.878000   -262.23900  2199.98        216    1608   2155.2200     43.786  -22.584
3671          6   3.185300  -1.450150   3.500410    140.201000  -1142.40000  2199.90        216    1608   2155.2200     43.786  -22.584
3672          6   1.583060  -0.483099   1.798450    153.308000   1348.18000  2199.86        216    1608   2155.2200     43.786  -22.584
3674          6   0.209919  -0.053227   0.212327   1341.310000    710.38500  2199.82        216    1608   2155.2200     43.786  -22.584
3677          6   1.575280  -0.773505   2.512030  -3446.070000    858.39000  2199.01        216    1608   2155.2200     43.786  -22.584
3681          6   1.320730  -0.474001   1.373970   1408.580000   -353.88100  2199.83        216    1608   2155.2200     43.786  -22.584
3686          6   6.618560  -2.678080   7.724930   -233.773000   -191.37400  2199.99        216    1608   2155.2200     43.786  -22.584
3712          6   8.202180  -3.323750   8.948070    467.318000   -266.28400  2199.98        216    1608   2155.2200     43.786  -22.584
3720          6   4.116860  -1.643630   5.035400   -558.385000    275.79700  2199.97        216    1608   2155.2200     43.786  -22.584
3737          6   1.590900  -0.504794   1.828900    641.026000    708.27600  2199.93        216    1608   2155.2200     43.786  -22.584
3738          6   4.023290  -2.016890   4.976940   -605.948000   -581.37300  2199.94        216    1608   2155.2200     43.786  -22.584
3740          6   1.124940  -0.339557   1.289260   -179.382000   1158.14000  2199.89        216    1608   2155.2200     43.786  -22.584
3743          6   1.873750  -0.924162   2.237880   -311.078000   -410.36600  2199.98        216    1608   2155.2200     43.786  -22.584
3745          6   0.563308  -0.103908   0.478628   2499.840000    579.49900  2199.48        216    1608   2155.2200     43.786  -22.584
3798          6   5.317850  -2.271830   5.956090    255.209000   -380.43400  2199.98        216    1608   2155.2200     43.786  -22.584
3835          6   0.589608  -0.272779   0.661774    900.428000   -505.84900  2199.92        216    1608   2155.2200     43.786  -22.584
3843          6  13.014900  -5.613910  14.768200     68.356600   -383.98700  2199.99        216    1608   2155.2200     43.786  -22.584
3891          6   1.945690  -2.180560   2.631890   1629.230000  -4558.86000  2198.16        225    1608    292.5730     42.709  -40.693
3894          6   2.096570  -1.732490   3.300800     96.055600  -1109.58000  2199.90        225    1608    292.5730     42.709  -40.693
3895          6   0.953585  -0.728725   1.185380   1729.080000  -1596.94000  2199.57        225    1608    292.5730     42.709  -40.693
3900          6   0.968247   2.977310   2.278390  -3738.780000  -3514.28000  2197.93        229    1608    479.4710     54.763   65.659
3905          6   1.443910  -0.381005   1.466040   -668.908000   1467.82000  2199.80        231    1608    481.2060     46.728  -17.411
3949          6   0.325675  -0.300163   0.508033   2628.460000  -1332.76000  2199.32        232    1608   1255.9900     30.789  -48.647
3951          6   0.139135  -0.164472   0.257352   1859.850000  -3494.49000  2198.77        232    1608   1255.9900     30.789  -48.647
3952          6   2.497080  -2.786040   6.432740    288.537000   -299.20100  2199.99        232    1608   1255.9900     30.789  -48.647
3956          6   0.342844  -0.203917   0.978218   -384.960000   5726.77000  2197.42        232    1608   1255.9900     30.789  -48.647
3967          6   2.972310  -3.278610   7.617230    -30.361100   -157.10900  2200.00        232    1608   1255.9900     30.789  -48.647
4036          6   0.996944  -1.452740   3.685570  -1979.100000    300.88600  2199.69        232    1608   1255.9900     30.789  -48.647
4040          6  -0.114782  -0.195094   0.699313  -8118.360000   1211.35000  2194.71        232    1608   1255.9900     30.789  -48.647
4041          6   0.898495  -0.582190   1.344190   3593.400000   -467.86900  2198.97        232    1608   1255.9900     30.789  -48.647
4048          6   7.781340  -8.743440  20.960000   -532.015000    514.22000  2199.96        232    1608   1255.9900     30.789  -48.647
4049          6   2.190630  -2.380410   5.304020    289.936000   -572.32100  2199.97        232    1608   1255.9900     30.789  -48.647
4050          6   0.856260  -1.006630   2.278460   -187.976000   -298.96700  2199.99        232    1608   1255.9900     30.789  -48.647
4052          6   0.880452  -1.197630   2.721470   -728.562000   -536.34700  2199.94        232    1608   1255.9900     30.789  -48.647
4079          6   0.170800  -0.111966   0.824043  -2184.060000   2090.20000  2199.28        232    1608   1255.9900     30.789  -48.647
4100          6  10.132600 -10.274000  22.475700   1046.180000   -501.48300  2199.89        232    1608   1255.9900     30.789  -48.647
4103          6   3.829610  -4.105340   9.562500    306.892000    -71.61020  2199.99        232    1608   1255.9900     30.789  -48.647
4167          6   8.797490  -9.483430  21.230200    503.092000   -266.13500  2199.97        232    1608   1255.9900     30.789  -48.647
4170          6   0.369551  -0.282775   0.954864    355.901000    608.47600  2199.96        232    1608   1255.9900     30.789  -48.647
4180          6   1.218110  -1.011630   2.642570    256.479000    -57.84020  2199.99        232    1608   1255.9900     30.789  -48.647
4193          6   0.292675  -0.433562   0.289376   8037.740000  -9715.81000  2187.53        234    1608    460.3480     55.338  -58.286
4194          6   0.520285  -0.875038   0.919734  -2054.740000   1206.40000  2199.55        234    1608    460.3480     55.338  -58.286
4201          6  -0.736292  -0.349045   0.701924  -1675.510000    759.53400  2199.73        238    2412    766.0850     49.764 -140.417
4203          6  -3.785520  -3.310560   4.523400    566.614000  -1949.13000  2199.68        238    2412    766.0850     49.764 -140.417
4219          6  -4.382590  -4.540860   5.088910     56.758000  -4202.94000  2198.61        238    2412    766.0850     49.764 -140.417
4223          6  -1.476030  -1.423570   1.945600   1691.920000  -2241.22000  2199.38        238    2412    766.0850     49.764 -140.417
4230          6   1.064160   0.537283   1.524720  -1035.210000   -305.42800  2199.91        240    2412    420.8040     35.508   22.633
4253          6   0.162665   0.046797   0.153546    936.495000   -266.26800  2199.93        240    2412    420.8040     35.508   22.633
4254          6   1.172090   0.560701   1.401960   1096.090000   -312.77200  2199.90        240    2412    420.8040     35.508   22.633
4301          6  -0.459697   0.062770   1.100500    575.414000  -2796.88000  2199.36        247    2412    249.9410     24.389  174.746
4306          6   1.492730  -1.147820   1.208580  -4647.210000   2678.44000  2197.74        248    2412   2555.3200     64.148  -37.065
4309          6   8.473520  -6.358940   5.250360   1386.550000   -867.02700  2199.79        248    2412   2555.3200     64.148  -37.065
4327          6   6.124290  -4.965650   3.897920    317.858000  -2049.32000  2199.66        248    2412   2555.3200     64.148  -37.065
4328          6   2.054360  -1.537690   1.444820   -334.715000      7.62904  2199.99        248    2412   2555.3200     64.148  -37.065
4330          6   1.260480  -0.961980   0.799597   1016.340000  -1039.28000  2199.83        248    2412   2555.3200     64.148  -37.065
4331          6   4.236330  -3.139110   2.779830   -153.275000     89.19440  2200.00        248    2412   2555.3200     64.148  -37.065
4333          6   2.278080  -1.690080   1.456510   2110.390000  -2633.01000  2199.11        248    2412   2555.3200     64.148  -37.065
4334          6   2.729530  -2.998210   2.711540  -6185.580000  -2141.50000  2196.64        248    2412   2555.3200     64.148  -37.065
4380          6   4.161970  -2.871620   2.826300   -261.173000   2215.90000  2199.61        248    2412   2555.3200     64.148  -37.065
4381          6   7.596940  -5.796760   4.939690   -856.300000      3.99636  2199.94        248    2412   2555.3200     64.148  -37.065
4382          6  21.518700 -16.116100  12.969100   1318.530000  -1046.91000  2199.78        248    2412   2555.3200     64.148  -37.065
4383          6  16.872500 -12.586000  10.331800    993.411000   -410.17200  2199.91        248    2412   2555.3200     64.148  -37.065
4401          6   2.093740  -1.490940   1.343680  -1180.880000   1538.57000  2199.70        248    2412   2555.3200     64.148  -37.065
4403          6   6.590510  -5.251540   4.199120     11.151100  -1057.49000  2199.91        248    2412   2555.3200     64.148  -37.065
4406          6   1.048750  -0.735428   0.692028   1777.980000      5.03544  2199.75        248    2412   2555.3200     64.148  -37.065
4407          6   1.598750  -1.145390   0.976502   2691.960000   -997.33400  2199.35        248    2412   2555.3200     64.148  -37.065
4479          6   1.855990  -1.224930   1.832560  -3583.000000   7574.44000  2194.49        255    2412   4798.0800     55.862  -39.458
4481          6   0.581792  -0.761335   0.953295  -6444.790000    990.64800  2196.66        255    2412   4798.0800     55.862  -39.458
4555          6   9.869370  -7.860130   9.179340  -1832.540000   2804.98000  2199.12        255    2412   4798.0800     55.862  -39.458
4557          6   0.448310  -0.468827   0.554532  -2401.140000   -246.28700  2199.54        255    2412   4798.0800     55.862  -39.458
4570          6   2.118740  -1.781940   1.976180    -89.267200   -158.21700  2200.00        255    2412   4798.0800     55.862  -39.458
4580          6  14.052200 -11.360600  12.070600    551.631000   -420.88500  2199.96        255    2412   4798.0800     55.862  -39.458
4581          6  22.094200 -18.389200  19.793300    -33.827300   -137.65000  2200.00        255    2412   4798.0800     55.862  -39.458
4618          6   4.000500  -3.527180   3.804430   -962.338000   -137.30000  2199.93        255    2412   4798.0800     55.862  -39.458
4621          6   6.174740  -4.863230   5.419480     20.160900    132.56500  2200.00        255    2412   4798.0800     55.862  -39.458
4634          6   0.986224  -1.155940   1.138040  -3682.900000  -1077.29000  2198.84        255    2412   4798.0800     55.862  -39.458
4646          6   4.358630  -2.797320   3.742760   1115.070000   1982.84000  2199.59        255    2412   4798.0800     55.862  -39.458
4659          6   1.548090  -1.305850   1.396050    521.897000   -813.53000  2199.93        255    2412   4798.0800     55.862  -39.458
4660          6   7.656980  -6.513510   7.095060  -1595.520000   -164.06700  2199.80        255    2412   4798.0800     55.862  -39.458
4666          6   1.128070  -0.970488   0.997336   1025.830000   -978.14800  2199.84        255    2412   4798.0800     55.862  -39.458
4667          6   4.109510  -3.355940   3.930700   -412.802000    227.22700  2199.98        255    2412   4798.0800     55.862  -39.458
4677          6   1.374500  -1.278410   1.468810  -1332.460000   -285.83000  2199.85        255    2412   4798.0800     55.862  -39.458
4680          6   0.974420  -0.776691   1.153740  -2105.510000   1639.78000  2199.44        255    2412   4798.0800     55.862  -39.458
4681          6  12.684900 -10.431600  11.190400    -35.173600   -104.25300  2200.00        255    2412   4798.0800     55.862  -39.458
4684          6   2.349380  -1.876610   2.055380    481.131000   -588.44600  2199.95        255    2412   4798.0800     55.862  -39.458
4702          6   0.927128  -0.756846   0.836933     14.827900    406.78400  2199.99        255    2412   4798.0800     55.862  -39.458
4705          6   3.775900  -2.613670   3.286100    384.864000    841.38300  2199.93        255    2412   4798.0800     55.862  -39.458
4719          6   7.128730  -5.472170   6.185470    840.635000    336.00900  2199.94        255    2412   4798.0800     55.862  -39.458
4721          6   1.901940  -1.512510   1.937740  -1470.110000   1562.32000  2199.64        255    2412   4798.0800     55.862  -39.458
4727          6   2.865730  -2.060450   2.634520    -14.808900   1535.90000  2199.81        255    2412   4798.0800     55.862  -39.458
4728          6   4.867740  -3.561770   4.073790   1016.430000    485.35000  2199.90        255    2412   4798.0800     55.862  -39.458
4737          6   1.745910  -1.521460   1.837770  -1401.550000    804.11700  2199.80        255    2412   4798.0800     55.862  -39.458
4742          6   2.421400  -1.730240   1.987780    444.921000    725.81100  2199.94        255    2412   4798.0800     55.862  -39.458
4744          6   7.454220  -6.108600   6.592500    392.733000   -353.89600  2199.98        255    2412   4798.0800     55.862  -39.458
4792          6  -1.752240   2.164560   1.862970   2887.570000  -9860.72000  2191.72        258    2412    480.6780     59.287  128.310
4804          6  -1.252020   1.747520   1.492900   6496.460000 -10883.10000  2187.40        258    2412    480.6780     59.287  128.310
4826          6   1.297570   1.470980   6.184710    387.317000   -964.47500  2199.92        260    2412    521.5090     16.194   53.139
4852          6  -0.002419   0.393087   0.787280   -572.177000    153.26800  2199.97        260    2412    521.5090     16.194   53.139
4853          6   0.128436   0.160229   0.477255   1128.070000    738.37800  2199.86        260    2412    521.5090     16.194   53.139
4854          6   0.474791   0.886004   5.112670   -584.791000  -1558.97000  2199.78        260    2412    521.5090     16.194   53.139
4870          6   0.054714   0.058242   0.103762  -1053.730000 -10340.70000  2191.52        262    2412     92.2414      4.522 -149.332
4874          6   0.383908  -0.031960   0.319529  -1930.820000  -4125.02000  2198.37        263    2412    223.7910     24.152   52.345
4885          6   0.533692   0.328697   0.991028    423.750000    515.14300  2199.97        265    2412   1944.5000     25.659   28.197
4886          6   0.564148   0.112079   0.942882    522.582000   -606.31100  2199.95        265    2412   1944.5000     25.659   28.197
4887          6   0.387011   0.218003   0.897797    363.153000   -266.42600  2199.98        265    2412   1944.5000     25.659   28.197
4931          6   1.023110   0.512926   2.339300    758.292000   -840.09400  2199.90        265    2412   1944.5000     25.659   28.197
4937          6   0.554639   0.529606   1.252140   -499.235000   1901.92000  2199.70        265    2412   1944.5000     25.659   28.197
4938          6   0.276023   0.288925   0.597767   1029.580000   1249.27000  2199.79        265    2412   1944.5000     25.659   28.197
4944          6   9.908660   5.325710  23.716500   -139.459000   -317.47900  2199.99        265    2412   1944.5000     25.659   28.197
4945          6   2.016440   0.882595   4.289410   1276.340000   -529.51700  2199.85        265    2412   1944.5000     25.659   28.197
4946          6   7.049700   3.733360  16.717400    -45.653000   -373.17800  2199.99        265    2412   1944.5000     25.659   28.197
4950          6   2.497090   1.414200   5.776430    211.263000    -79.00100  2200.00        265    2412   1944.5000     25.659   28.197
5012          6   0.178536   0.220445   0.937995  -1067.560000    120.82300  2199.91        265    2412   1944.5000     25.659   28.197
5014          6   0.185713   0.053857   0.225119    248.384000    884.73200  2199.93        265    2412   1944.5000     25.659   28.197
5039          6   2.386270   1.665950   6.513270  -1266.210000    260.48200  2199.87        265    2412   1944.5000     25.659   28.197
5047          6   0.715960   0.792227   2.768130  -2425.870000    143.82200  2199.54        265    2412   1944.5000     25.659   28.197
5050          6   3.266310   1.901750   5.702260    716.362000    168.90200  2199.96        265    2412   1944.5000     25.659   28.197
5086          6   0.626144   0.321455   0.834601    604.513000   -409.86800  2199.96        265    2412   1944.5000     25.659   28.197
5096          6   2.106800   1.346220   4.646170    158.916000    140.48600  2200.00        265    2412   1944.5000     25.659   28.197
5099          6   3.606140   1.862000   8.124000    155.631000   -254.57600  2199.99        265    2412   1944.5000     25.659   28.197
5101          6   1.167450   0.802031   3.528620  -1223.960000   -330.48400  2199.87        265    2412   1944.5000     25.659   28.197
5102          6   3.086570   1.649810   7.088260    189.018000   -262.86400  2199.99        265    2412   1944.5000     25.659   28.197
5108          6   0.925940   0.369600   1.767660    972.253000   -835.77200  2199.87        265    2412   1944.5000     25.659   28.197
5111          6   3.735430   2.081850   9.168350   -233.442000   -218.91700  2199.99        265    2412   1944.5000     25.659   28.197
5119          6   0.200434   0.145616   0.471237  -1404.610000    289.01000  2199.84        265    2412   1944.5000     25.659   28.197
5120          6   0.614205   0.392434   1.143150   1060.130000    649.45500  2199.88        265    2412   1944.5000     25.659   28.197
5162          6   0.861081   0.551396   2.431490  -1084.740000   -348.29600  2199.90        265    2412   1944.5000     25.659   28.197
5172          6   0.706135   0.391236   1.650150   -380.140000   -310.44600  2199.98        265    2412   1944.5000     25.659   28.197
5174          6   0.182719   0.160141   0.477262   -961.790000    956.85900  2199.86        265    2412   1944.5000     25.659   28.197
5196          6   1.575480   0.800867   3.832310   -188.578000   -596.13100  2199.97        265    2412   1944.5000     25.659   28.197
5244          6   3.234700   1.375170   6.896060    199.746000   -453.28700  2199.98        265    2412   1944.5000     25.659   28.197
5255          6  -0.074987   0.290995   0.585907  -1537.190000  -5487.24000  2197.45        268    2412    168.4910     30.547  100.189

