Tabla para CorsikaId 1:
      CorsikaId        px            py        pz           x         y        z  shower_id  prm_id  prm_energy  prm_theta  prm_phi
870           1 -0.066644 -5.024500e-03  0.019947   47.263200 -238.6110  2200.00         80    1206     7257.66     73.519 -175.895
873           1  0.000051 -4.270210e-06  0.000081  279.472000 -140.0220  2199.99         80    1206     7257.66     73.519 -175.895
875           1  0.000033 -1.099390e-04  0.000213  435.578000 -259.7940  2199.98         80    1206     7257.66     73.519 -175.895
876           1 -0.001273 -3.584860e-04  0.001674  334.028000 -227.0290  2199.99         80    1206     7257.66     73.519 -175.895
877           1 -0.001190 -4.235490e-04  0.000620  172.423000 -274.2020  2199.99         80    1206     7257.66     73.519 -175.895
878           1 -0.168520 -1.195920e-02  0.053553   77.581400 -226.0310  2200.00         80    1206     7257.66     73.519 -175.895
879           1 -0.040520 -2.630650e-03  0.013064   79.516700 -225.0630  2200.00         80    1206     7257.66     73.519 -175.895
880           1 -0.000062 -5.676550e-05  0.000019   75.934100 -249.2320  2199.99         80    1206     7257.66     73.519 -175.895
881           1  0.000268 -3.728800e-05  0.000045  276.946000 -327.7370  2199.99         80    1206     7257.66     73.519 -175.895
882           1 -0.018033 -1.127730e-03  0.005681   76.837400 -225.2560  2200.00         80    1206     7257.66     73.519 -175.895
883           1 -0.000158 -1.141030e-05  0.000051   78.116700 -225.5230  2200.00         80    1206     7257.66     73.519 -175.895
885           1 -0.001298 -4.789410e-05  0.000348   46.492900 -222.3890  2200.00         80    1206     7257.66     73.519 -175.895
886           1 -0.001326 -5.361510e-05  0.000451   77.007900 -221.2150  2200.00         80    1206     7257.66     73.519 -175.895
888           1 -0.013004  1.855580e-03  0.002995   37.062800 -217.7500  2200.00         80    1206     7257.66     73.519 -175.895
889           1 -0.006940 -1.537360e-03  0.002222   53.166500 -234.7970  2200.00         80    1206     7257.66     73.519 -175.895
890           1 -0.034380 -2.428220e-03  0.010218   49.268400 -232.6280  2200.00         80    1206     7257.66     73.519 -175.895
891           1 -0.000102 -7.541170e-05  0.000290  295.122000 -269.2540  2199.99         80    1206     7257.66     73.519 -175.895
892           1 -0.003819 -2.798810e-04  0.001126   43.775100 -234.7400  2200.00         80    1206     7257.66     73.519 -175.895
893           1 -0.002490 -1.877410e-04  0.000735   44.858800 -235.9030  2200.00         80    1206     7257.66     73.519 -175.895
894           1 -0.010858  4.328100e-04  0.005195  229.459000 -186.0570  2199.99         80    1206     7257.66     73.519 -175.895
895           1 -0.000036  5.017000e-05  0.000079  390.807000 -122.0300  2199.99         80    1206     7257.66     73.519 -175.895
896           1 -0.000181  5.479410e-05  0.000252  377.734000 -182.0470  2199.99         80    1206     7257.66     73.519 -175.895
897           1 -0.011408 -8.451680e-04  0.003199   13.707800 -237.6790  2200.00         80    1206     7257.66     73.519 -175.895
898           1 -0.058241 -4.191980e-03  0.016545   20.797100 -236.0040  2200.00         80    1206     7257.66     73.519 -175.895
899           1 -0.004072 -3.069940e-04  0.001145   15.732100 -238.7010  2200.00         80    1206     7257.66     73.519 -175.895
900           1 -0.041931 -3.142940e-03  0.012220   30.906900 -237.4380  2200.00         80    1206     7257.66     73.519 -175.895
901           1 -0.009191 -6.854080e-04  0.002741   39.570700 -236.5230  2200.00         80    1206     7257.66     73.519 -175.895
902           1 -0.014946 -1.091830e-03  0.004123   15.950900 -237.7170  2200.00         80    1206     7257.66     73.519 -175.895
903           1 -0.000005  1.109060e-04  0.000030  145.417000  -91.1739  2200.00         80    1206     7257.66     73.519 -175.895
904           1 -0.001909 -8.701110e-05  0.000619   19.082000 -245.5190  2200.00         80    1206     7257.66     73.519 -175.895
905           1 -0.012876 -1.565690e-03  0.003292    1.610720 -250.4990  2200.00         80    1206     7257.66     73.519 -175.895
906           1 -0.003815 -4.608340e-04  0.000961   -0.874435 -250.6480  2200.00         80    1206     7257.66     73.519 -175.895
907           1 -0.114582 -1.350050e-02  0.030047    5.745550 -249.3080  2200.00         80    1206     7257.66     73.519 -175.895
908           1 -0.000205 -3.252220e-05  0.000044  -16.275700 -257.9410  2199.99         80    1206     7257.66     73.519 -175.895
909           1 -0.000078  4.604120e-05  0.000079   45.398400 -234.5650  2200.00         80    1206     7257.66     73.519 -175.895
910           1 -0.055544 -1.023580e-02  0.012262  -23.440000 -261.4230  2199.99         80    1206     7257.66     73.519 -175.895
912           1 -0.035857 -5.534520e-03  0.009292  -65.126700 -317.0940  2199.99         80    1206     7257.66     73.519 -175.895
913           1 -0.009319 -7.135630e-04  0.002789   49.000900 -239.6230  2200.00         80    1206     7257.66     73.519 -175.895
914           1 -0.505013 -4.028840e-02  0.150562   45.263300 -242.9310  2200.00         80    1206     7257.66     73.519 -175.895
915           1 -0.006540 -5.076010e-04  0.001957   48.371900 -240.7550  2200.00         80    1206     7257.66     73.519 -175.895
916           1 -0.210317 -1.676420e-02  0.063159   51.728400 -242.3520  2200.00         80    1206     7257.66     73.519 -175.895
918           1 -0.000965  1.103270e-04  0.000586  281.899000 -184.8610  2199.99         80    1206     7257.66     73.519 -175.895
919           1 -0.020120 -3.550260e-03  0.006212   88.938000 -230.6930  2200.00         80    1206     7257.66     73.519 -175.895
920           1 -0.000200 -1.320340e-04  0.000019   25.246900 -253.4440  2199.99         80    1206     7257.66     73.519 -175.895
922           1 -0.007127 -6.988470e-04  0.002188   67.965500 -242.0170  2200.00         80    1206     7257.66     73.519 -175.895
923           1 -0.000668 -7.486330e-04  0.000864   72.688600 -213.8490  2200.00         80    1206     7257.66     73.519 -175.895
924           1 -0.000100  5.389570e-07  0.000030   61.766800 -209.3960  2200.00         80    1206     7257.66     73.519 -175.895
925           1 -0.001742  4.917400e-04  0.001075  157.790000 -193.2460  2200.00         80    1206     7257.66     73.519 -175.895
926           1 -0.000162  3.295470e-05  0.000552  211.505000 -204.6480  2199.99         80    1206     7257.66     73.519 -175.895
927           1 -0.006848  9.599510e-04  0.004693  188.184000 -201.7160  2199.99         80    1206     7257.66     73.519 -175.895
929           1 -0.247842 -2.500040e-02  0.078163   89.995200 -255.4240  2199.99         80    1206     7257.66     73.519 -175.895
930           1 -0.001605 -6.764140e-05  0.000796  200.269000 -308.5830  2199.99         80    1206     7257.66     73.519 -175.895
932           1 -0.007241  1.080060e-03  0.004879  457.981000 -159.9260  2199.98         80    1206     7257.66     73.519 -175.895
935           1 -0.002459 -4.268350e-04  0.001739 -136.918000 -249.1180  2199.99         80    1206     7257.66     73.519 -175.895
936           1 -0.011448 -9.839570e-04  0.002873 -126.473000 -256.1980  2199.99         80    1206     7257.66     73.519 -175.895
937           1 -0.017301 -3.643330e-03  0.010929  159.475000 -255.6120  2199.99         80    1206     7257.66     73.519 -175.895
938           1 -0.004947 -2.331150e-04  0.001536   68.716300 -208.3870  2200.00         80    1206     7257.66     73.519 -175.895
939           1 -0.007698 -1.676540e-04  0.002280   35.947500 -191.6740  2200.00         80    1206     7257.66     73.519 -175.895
940           1  0.000062 -3.388360e-05  0.000083  146.494000  -27.7253  2200.00         80    1206     7257.66     73.519 -175.895
941           1 -0.004667 -5.694600e-04  0.001039 -189.145000 -303.6380  2199.99         80    1206     7257.66     73.519 -175.895
942           1  0.000160 -8.201580e-06  0.000082  475.967000 -325.2220  2199.97         80    1206     7257.66     73.519 -175.895
944           1 -0.000190 -2.520020e-05  0.000065   68.774500 -261.2120  2199.99         80    1206     7257.66     73.519 -175.895
945           1 -0.011071 -5.143050e-04  0.003064   34.224900 -250.3690  2199.99         80    1206     7257.66     73.519 -175.895
946           1 -0.011137 -4.531610e-04  0.002772   17.171800 -251.2320  2200.00         80    1206     7257.66     73.519 -175.895
947           1 -0.001175 -9.274950e-05  0.000265    2.399650 -257.9440  2199.99         80    1206     7257.66     73.519 -175.895
948           1 -0.000093  1.594120e-04  0.000443   94.633700 -240.8470  2199.99         80    1206     7257.66     73.519 -175.895
950           1 -0.012965 -1.397220e-03  0.003876   39.467700 -261.3920  2199.99         80    1206     7257.66     73.519 -175.895
951           1 -0.001645 -3.622550e-04  0.000402    0.554513 -289.5810  2199.99         80    1206     7257.66     73.519 -175.895
952           1 -0.004237 -8.656360e-04  0.001081    4.285100 -285.4560  2199.99         80    1206     7257.66     73.519 -175.895
953           1 -0.002086  9.732620e-04  0.000770  175.251000   69.7319  2200.00         80    1206     7257.66     73.519 -175.895
954           1 -0.027810 -3.788720e-03  0.008598   71.651000 -286.5050  2199.99         80    1206     7257.66     73.519 -175.895
955           1 -0.000093 -4.175680e-04  0.000292  298.094000 -281.6650  2199.99         80    1206     7257.66     73.519 -175.895
956           1  0.000120  1.716090e-05  0.000017  282.796000 -233.3210  2199.99         80    1206     7257.66     73.519 -175.895
957           1 -0.000113  1.513030e-05  0.000258    5.265180  -93.2013  2200.00         80    1206     7257.66     73.519 -175.895
958           1 -0.000145  1.036100e-05  0.000208  276.453000 -284.7840  2199.99         80    1206     7257.66     73.519 -175.895
959           1  0.000244  9.739680e-05  0.000091  383.864000 -149.3100  2199.99         80    1206     7257.66     73.519 -175.895
960           1 -0.005020 -8.043480e-04  0.001925  113.756000 -235.1430  2199.99         80    1206     7257.66     73.519 -175.895
961           1 -0.003421 -2.364890e-03  0.002503  227.736000 -270.7270  2199.99         80    1206     7257.66     73.519 -175.895
962           1 -0.018052 -4.110790e-03  0.010697  202.733000 -227.0800  2199.99         80    1206     7257.66     73.519 -175.895
963           1 -0.000574  1.147450e-04  0.000375   15.715400 -176.9980  2200.00         80    1206     7257.66     73.519 -175.895
964           1 -0.000431  2.570540e-04  0.000087 -125.805000 -135.6860  2200.00         80    1206     7257.66     73.519 -175.895
965           1 -0.266012 -1.814040e-02  0.078444   31.878300 -231.3400  2200.00         80    1206     7257.66     73.519 -175.895
966           1 -0.031944 -2.214260e-03  0.009078   -1.844120 -234.6600  2200.00         80    1206     7257.66     73.519 -175.895
967           1 -0.001166 -7.882870e-04  0.000165  -93.031500 -280.4870  2199.99         80    1206     7257.66     73.519 -175.895
968           1 -0.009194 -6.430100e-04  0.002579  -12.882700 -235.9870  2200.00         80    1206     7257.66     73.519 -175.895
969           1 -0.000087  3.883430e-05  0.000216  169.836000 -175.5700  2200.00         80    1206     7257.66     73.519 -175.895
970           1 -0.000668 -4.612770e-04  0.000357  -81.892500 -358.1010  2199.99         80    1206     7257.66     73.519 -175.895
971           1 -0.003204 -7.101970e-04  0.002842  341.424000 -222.3200  2199.99         80    1206     7257.66     73.519 -175.895
972           1 -0.058009 -2.747910e-03  0.016683    3.063510 -220.9810  2200.00         80    1206     7257.66     73.519 -175.895
973           1 -0.001962 -2.418050e-04  0.000629   34.021300 -240.5150  2200.00         80    1206     7257.66     73.519 -175.895
975           1 -0.000156  5.898710e-05  0.000083  168.298000 -123.2330  2200.00         80    1206     7257.66     73.519 -175.895
976           1 -0.000452  2.442520e-06  0.000092 -158.574000 -192.1930  2200.00         80    1206     7257.66     73.519 -175.895
977           1 -0.001093 -4.382570e-04  0.000438  104.272000 -293.8920  2199.99         80    1206     7257.66     73.519 -175.895
978           1 -0.000034  1.156800e-05  0.000090  199.727000 -208.5450  2199.99         80    1206     7257.66     73.519 -175.895
979           1 -0.000394  3.363950e-05  0.000152  102.018000 -195.3170  2200.00         80    1206     7257.66     73.519 -175.895
980           1 -0.017315  1.728290e-03  0.005555   79.676800 -191.1310  2200.00         80    1206     7257.66     73.519 -175.895
981           1 -0.024408  3.363600e-03  0.008235   84.800700 -187.1910  2200.00         80    1206     7257.66     73.519 -175.895
983           1 -0.345457 -1.361820e-02  0.099716    4.635160 -216.9670  2200.00         80    1206     7257.66     73.519 -175.895
984           1 -1.001710 -7.091050e-02  0.280297  -14.735100 -236.8020  2200.00         80    1206     7257.66     73.519 -175.895
1085          1 -0.001398 -1.775060e-04  0.000375 -232.421000   88.5672  2200.00        103    1206     1649.01     76.213 -171.619
1086          1 -0.000321 -3.269160e-05  0.000423   44.398700   95.1447  2200.00        103    1206     1649.01     76.213 -171.619
1087          1 -0.006573  5.180200e-04  0.002165 -136.351000  176.7840  2200.00        103    1206     1649.01     76.213 -171.619
1088          1 -0.001871 -5.088770e-04  0.001496  -20.918500   83.6757  2200.00        103    1206     1649.01     76.213 -171.619
1089          1 -0.001470  8.888080e-04  0.000356 -203.008000   83.5470  2200.00        103    1206     1649.01     76.213 -171.619
2362          1 -0.000549  6.018040e-04  0.000566  -38.135700   31.9539  2200.00        243    2412     5904.00     76.701 -173.906
2364          1 -0.001519 -6.208450e-04  0.001327 -375.990000 -384.7440  2199.98        243    2412     5904.00     76.701 -173.906
2366          1 -0.008204 -1.414140e-03  0.003962 -463.507000 -359.4980  2199.97        243    2412     5904.00     76.701 -173.906
2367          1  0.000087 -4.632420e-04  0.000322  -94.317900 -458.4890  2199.98        243    2412     5904.00     76.701 -173.906
2368          1 -0.000034  6.358020e-05  0.000113 -186.977000 -159.6090  2200.00        243    2412     5904.00     76.701 -173.906
2370          1  0.000003 -1.335220e-04  0.000096 -457.758000 -401.5200  2199.97        243    2412     5904.00     76.701 -173.906
2394          1  0.000051  3.427100e-05  0.000191 -389.897000 -288.4860  2199.98        243    2412     5904.00     76.701 -173.906
2460          1  0.000228  3.456400e-04  0.000129   53.748000 -296.8130  2199.99        243    2412     5904.00     76.701 -173.906
2464          1 -0.006420 -3.561370e-04  0.002838  267.436000 -472.8320  2199.98        243    2412     5904.00     76.701 -173.906
2472          1 -0.004482  4.228330e-04  0.001990  -97.114000 -325.5660  2199.99        243    2412     5904.00     76.701 -173.906

Tabla para CorsikaId 2:
     CorsikaId        px        py        pz         x        y        z  shower_id  prm_id  prm_energy  prm_theta  prm_phi
874          2 -0.002454 -0.000503  0.004026   21.2163 -268.203  2199.99         80    1206     7257.66     73.519 -175.895
884          2 -0.488111 -0.036137  0.159419   78.1668 -225.521  2200.00         80    1206     7257.66     73.519 -175.895
887          2 -0.029725  0.001297  0.006268   44.3278 -217.779  2200.00         80    1206     7257.66     73.519 -175.895
928          2 -0.003215 -0.000074  0.007659  186.1970 -204.911  2199.99         80    1206     7257.66     73.519 -175.895
949          2 -0.003987 -0.001841  0.001814   52.1588 -260.414  2199.99         80    1206     7257.66     73.519 -175.895
974          2 -0.015965 -0.001815  0.007688   28.5125 -231.811  2200.00         80    1206     7257.66     73.519 -175.895

Tabla para CorsikaId 3:
     CorsikaId        px        py        pz         x        y        z  shower_id  prm_id  prm_energy  prm_theta  prm_phi
872          3 -0.000201 -0.000400  0.000433   91.0196 -239.249  2199.99         80    1206     7257.66     73.519 -175.895
911          3 -0.107281 -0.021887  0.020812  -24.9353 -261.594  2199.99         80    1206     7257.66     73.519 -175.895
921          3 -0.023475 -0.001168  0.010718   50.8695 -235.834  2200.00         80    1206     7257.66     73.519 -175.895
982          3 -0.011617  0.007631  0.008421  111.6530 -188.986  2200.00         80    1206     7257.66     73.519 -175.895

Tabla para CorsikaId 5:
     CorsikaId       px       py       pz        x        y        z  shower_id  prm_id  prm_energy  prm_theta  prm_phi
775          5 -81.4363 -6.30551  24.1695 -145.395 -411.276  2199.99         80    1206     7257.66     73.519 -175.895

Tabla para CorsikaId 6:
      CorsikaId        px        py        pz         x         y        z  shower_id  prm_id  prm_energy  prm_theta  prm_phi
221           6 -31.79530 -5.060210   8.13701 -494.8640  -18.5266  2199.98         49    1206     2605.34     75.975 -170.139
781           6 -60.55980 -4.111490  18.06770   62.5863 -140.9930  2200.00         80    1206     7257.66     73.519 -175.895
782           6 -33.05090 -2.045080   9.77177 -421.1090  -88.4593  2199.99         80    1206     7257.66     73.519 -175.895
793           6 -29.60690 -1.770810   8.74618  236.4690  323.8650  2199.99         80    1206     7257.66     73.519 -175.895
868           6 -48.11350 -3.314420  14.37460  480.6600 -117.4220  2199.98         80    1206     7257.66     73.519 -175.895
1180          6  -5.13998 -0.660630   2.01281 -282.5360 -475.0250  2199.98        117    1206     1587.33     70.060 -170.281
1186          6 -19.68690 -3.163820   7.32262 -145.0350 -129.1470  2200.00        117    1206     1587.33     70.060 -170.281
1423          6  -5.53874 -0.387948   1.82329  245.4350  261.2680  2199.99        164    1608     1762.58     72.754 -173.740

