Tabla para CorsikaId 1:
      CorsikaId        px        py        pz           x         y        z  shower_id  prm_id  prm_energy  prm_theta  prm_phi
125           1  0.001394  0.000137  0.000459 -135.830000  184.5410  2200.00         22     703     4484.61     70.274    5.409
126           1  0.000146 -0.000176  0.000144 -105.904000  121.2340  2200.00         22     703     4484.61     70.274    5.409
127           1  0.013091 -0.002072  0.003526  -76.529400  133.0320  2200.00         22     703     4484.61     70.274    5.409
206           1  0.000209  0.000317  0.000230 -104.369000 -116.7080  2200.00         22     703     4484.61     70.274    5.409
1197          1  0.035110  0.004792  0.009880   32.675000  238.1420  2200.00        174    1608     4854.12     73.596    7.280
1198          1  0.002988  0.000380  0.001700   39.391400  230.9970  2200.00        174    1608     4854.12     73.596    7.280
1199          1  0.000478 -0.000096  0.000263  -70.223800   50.6975  2200.00        174    1608     4854.12     73.596    7.280
1200          1 -0.000020  0.000077  0.000179   40.301400  248.1710  2200.00        174    1608     4854.12     73.596    7.280
1202          1  0.000104 -0.000134  0.000119 -307.204000   42.1119  2199.99        174    1608     4854.12     73.596    7.280
1203          1 -0.000009  0.000142  0.000155 -209.842000  170.7290  2199.99        174    1608     4854.12     73.596    7.280
1204          1 -0.000244 -0.000198  0.000187 -229.609000   24.1810  2200.00        174    1608     4854.12     73.596    7.280
1205          1  0.020772  0.002630  0.005738   40.022600  233.5750  2200.00        174    1608     4854.12     73.596    7.280
1206          1  0.000044  0.000338  0.000266 -235.513000  334.2240  2199.99        174    1608     4854.12     73.596    7.280
1207          1  0.000956  0.001045  0.000874 -111.163000  276.7890  2199.99        174    1608     4854.12     73.596    7.280
1208          1  0.119259  0.014511  0.032854   40.793700  231.6220  2200.00        174    1608     4854.12     73.596    7.280
1209          1  0.003277  0.000841  0.001072   17.698600  249.0620  2200.00        174    1608     4854.12     73.596    7.280
1210          1  0.002580 -0.001373  0.000648   61.321700  130.8620  2200.00        174    1608     4854.12     73.596    7.280
1211          1  0.039748  0.002376  0.009012   78.475800  226.3180  2200.00        174    1608     4854.12     73.596    7.280
1212          1  0.019886  0.001907  0.005506   40.759000  224.7980  2200.00        174    1608     4854.12     73.596    7.280
1213          1  0.020064  0.001811  0.005536   41.706700  223.4020  2200.00        174    1608     4854.12     73.596    7.280
1214          1  0.002775 -0.001223  0.000707   45.774300  208.9700  2200.00        174    1608     4854.12     73.596    7.280
1215          1  0.006093  0.000544  0.001651   46.429100  223.5760  2200.00        174    1608     4854.12     73.596    7.280
1216          1  0.001254  0.000127  0.000379   39.221800  223.4080  2200.00        174    1608     4854.12     73.596    7.280
1217          1  0.000151  0.000314  0.000274   17.879100  229.8740  2200.00        174    1608     4854.12     73.596    7.280
1218          1  0.004862  0.000288  0.001407   45.586300  221.1650  2200.00        174    1608     4854.12     73.596    7.280
1219          1  0.006046  0.001153  0.003353   25.944000  223.1220  2200.00        174    1608     4854.12     73.596    7.280
1220          1  0.002471  0.000236  0.000667   48.372800  223.8760  2200.00        174    1608     4854.12     73.596    7.280
1221          1  0.008923  0.000591  0.002635   44.791800  223.0160  2200.00        174    1608     4854.12     73.596    7.280
1223          1  0.004021  0.000361  0.001115   45.166900  223.3310  2200.00        174    1608     4854.12     73.596    7.280
1224          1  0.025067  0.002784  0.006899   46.102800  225.6410  2200.00        174    1608     4854.12     73.596    7.280
1225          1  0.000254  0.000295  0.000172   15.001100  245.0650  2200.00        174    1608     4854.12     73.596    7.280
1226          1  0.008672  0.000914  0.002302   49.110300  225.5110  2200.00        174    1608     4854.12     73.596    7.280
1227          1  0.074403  0.007230  0.019683   49.327600  224.9860  2200.00        174    1608     4854.12     73.596    7.280
1230          1  0.003626  0.000486  0.001139  -24.847600  227.2910  2200.00        174    1608     4854.12     73.596    7.280
1231          1  0.027981  0.003737  0.010212  -77.330100  220.6500  2200.00        174    1608     4854.12     73.596    7.280
1232          1  0.046313  0.005709  0.017206  -82.976000  216.6570  2200.00        174    1608     4854.12     73.596    7.280
1233          1  0.016816  0.001138  0.005945  -68.248700  201.2130  2200.00        174    1608     4854.12     73.596    7.280
1234          1  0.006200 -0.000038  0.003101 -155.206000  179.7730  2200.00        174    1608     4854.12     73.596    7.280
1235          1 -0.000153 -0.000166  0.000192 -312.779000  385.2990  2199.98        174    1608     4854.12     73.596    7.280
1236          1  0.000119  0.000147  0.000362 -277.630000  239.6890  2199.99        174    1608     4854.12     73.596    7.280
1237          1  0.000373  0.000403  0.000365 -172.673000  373.6940  2199.99        174    1608     4854.12     73.596    7.280
1238          1  0.000122  0.000053  0.000053  -63.787600  289.8560  2199.99        174    1608     4854.12     73.596    7.280
1239          1  0.000085  0.000017  0.000354 -219.542000  222.7750  2199.99        174    1608     4854.12     73.596    7.280
1240          1  0.003050 -0.000283  0.001266  -50.671300  191.3040  2200.00        174    1608     4854.12     73.596    7.280
1241          1 -0.000024 -0.000044  0.000049 -135.783000  177.6830  2200.00        174    1608     4854.12     73.596    7.280
1243          1  1.304450  0.171570  0.375708   20.283300  233.2210  2200.00        174    1608     4854.12     73.596    7.280
1244          1  0.000078  0.000014  0.000020   16.066700  236.9220  2200.00        174    1608     4854.12     73.596    7.280
1245          1  0.006385  0.001058  0.001218   35.487900  239.9200  2200.00        174    1608     4854.12     73.596    7.280
1246          1 -0.000073 -0.000008  0.000028   29.032400  237.9270  2200.00        174    1608     4854.12     73.596    7.280
1247          1  0.000056  0.000009  0.000016   19.379400  236.6190  2200.00        174    1608     4854.12     73.596    7.280
1248          1  0.004983  0.000811  0.001493   18.611400  236.2900  2200.00        174    1608     4854.12     73.596    7.280
1249          1  0.001043  0.000155  0.000292   22.623400  235.8360  2200.00        174    1608     4854.12     73.596    7.280
1251          1 -0.000189  0.000091  0.000443 -406.314000  223.4280  2199.98        174    1608     4854.12     73.596    7.280
1252          1 -0.000544  0.000113  0.000395 -492.468000  242.6540  2199.98        174    1608     4854.12     73.596    7.280
1253          1  0.000825  0.001312  0.003833 -353.474000  247.6390  2199.99        174    1608     4854.12     73.596    7.280
1254          1  0.000082  0.000017  0.000064  -54.855200  237.2850  2200.00        174    1608     4854.12     73.596    7.280
1256          1  0.003675  0.000595  0.002512 -106.833000  249.8350  2199.99        174    1608     4854.12     73.596    7.280
1257          1  0.074772  0.009638  0.021801   14.448600  230.9360  2200.00        174    1608     4854.12     73.596    7.280
1258          1  0.073576  0.009775  0.021308   16.247700  231.8470  2200.00        174    1608     4854.12     73.596    7.280
1259          1  0.000672  0.000121  0.000154   68.875900  243.6170  2199.99        174    1608     4854.12     73.596    7.280
1261          1  0.001567  0.000176  0.000319   79.152800  238.7810  2200.00        174    1608     4854.12     73.596    7.280
1263          1 -0.000092  0.000179  0.000065 -120.964000  309.5990  2199.99        174    1608     4854.12     73.596    7.280
1265          1  0.098335  0.012756  0.027677   23.910300  232.3260  2200.00        174    1608     4854.12     73.596    7.280
1266          1  0.006154  0.000888  0.001750   21.481200  235.7620  2200.00        174    1608     4854.12     73.596    7.280
1267          1  0.129631  0.022575  0.034278   38.904600  245.4860  2200.00        174    1608     4854.12     73.596    7.280
1268          1  0.002893  0.000545  0.000903    6.607410  242.7100  2200.00        174    1608     4854.12     73.596    7.280
1269          1  0.000034 -0.000103  0.000138    6.113390  249.1160  2200.00        174    1608     4854.12     73.596    7.280
1270          1  0.038186  0.010696  0.011961    6.457990  249.3080  2200.00        174    1608     4854.12     73.596    7.280
1273          1  0.014817  0.001915  0.004454    4.493420  229.7980  2200.00        174    1608     4854.12     73.596    7.280
1276          1  0.000288  0.000037  0.000068    8.834090  231.6400  2200.00        174    1608     4854.12     73.596    7.280
1277          1  0.000386 -0.000047  0.000095    6.587110  228.9040  2200.00        174    1608     4854.12     73.596    7.280
1278          1  0.000057 -0.000006  0.000016    6.327170  228.9760  2200.00        174    1608     4854.12     73.596    7.280
1282          1  1.603920  0.212246  0.478607    5.462090  231.0650  2200.00        174    1608     4854.12     73.596    7.280
1283          1  0.000975  0.000133  0.000298    1.770570  231.2690  2200.00        174    1608     4854.12     73.596    7.280
1284          1 -0.000113  0.000367  0.000247  -31.955400  240.7770  2200.00        174    1608     4854.12     73.596    7.280
1285          1  0.001214  0.000297  0.000424   -3.343560  236.7090  2200.00        174    1608     4854.12     73.596    7.280
1286          1  0.000650  0.000096  0.000521   29.016100  249.5300  2200.00        174    1608     4854.12     73.596    7.280
1287          1  0.000422  0.000128  0.000055   47.585100  254.2650  2199.99        174    1608     4854.12     73.596    7.280
1289          1  0.005903  0.000547  0.001597    6.835780  230.5910  2200.00        174    1608     4854.12     73.596    7.280
1291          1  0.009459  0.001304  0.002916    1.029550  231.2840  2200.00        174    1608     4854.12     73.596    7.280
1292          1  0.058031  0.007907  0.017946    0.856672  231.1660  2200.00        174    1608     4854.12     73.596    7.280
1293          1  0.000645  0.000086  0.000196    1.425940  231.1470  2200.00        174    1608     4854.12     73.596    7.280
1294          1  0.000333  0.000044  0.000101    1.411000  231.1080  2200.00        174    1608     4854.12     73.596    7.280
1296          1  0.044120  0.021628  0.045404 -131.721000  237.5690  2199.99        174    1608     4854.12     73.596    7.280
1338          1  0.025703  0.001265  0.010077 -256.371000 -326.1630  2199.99        174    1608     4854.12     73.596    7.280
1339          1  0.065133  0.009622  0.024399  246.636000 -129.5230  2199.99        174    1608     4854.12     73.596    7.280
1340          1 -0.000043  0.000036  0.000052   -8.486780   46.2795  2200.00        174    1608     4854.12     73.596    7.280
1341          1  0.002923 -0.000030  0.000514  406.295000   58.8291  2199.99        174    1608     4854.12     73.596    7.280
1342          1  0.011195 -0.000564  0.003276  257.609000 -401.7900  2199.98        174    1608     4854.12     73.596    7.280
1349          1 -0.000004 -0.000406  0.000417 -367.805000 -119.6500  2199.99        174    1608     4854.12     73.596    7.280
1350          1  0.001106  0.000561  0.000495 -283.527000  -52.8917  2199.99        174    1608     4854.12     73.596    7.280
1441          1  0.000130  0.000166  0.000098  426.881000 -160.4270  2199.98        185    1608     3458.60     73.666    9.334
1446          1  0.009717 -0.000139  0.002943  380.159000 -132.2460  2199.99        185    1608     3458.60     73.666    9.334
1465          1  0.018427  0.000588  0.006602 -473.225000 -274.1250  2199.98        185    1608     3458.60     73.666    9.334
1745          1  0.002214  0.003034  0.003942 -129.092000   81.1038  2200.00        213    1608     5365.55     71.480    7.953
1747          1 -0.000103  0.000132  0.000306    8.928420 -465.9850  2199.98        213    1608     5365.55     71.480    7.953
2446          1  0.003077 -0.000207  0.000472  376.445000  317.3680  2199.98        307    1608     2106.57     77.400    0.011
2447          1 -0.000078 -0.000351  0.000148   68.330900  253.2670  2199.99        307    1608     2106.57     77.400    0.011
2644          1  0.000134  0.000095  0.000220  445.920000 -307.7460  2199.98        345    2412     7741.48     71.883    8.326
2652          1 -0.000257  0.000048  0.000151  420.234000 -203.3280  2199.98        345    2412     7741.48     71.883    8.326
2887          1  0.000186  0.000037  0.000093  273.698000  218.9090  2199.99        348    2412     4642.95     75.459    7.620
2888          1  0.000337  0.000081  0.000154  275.081000  219.9710  2199.99        348    2412     4642.95     75.459    7.620

Tabla para CorsikaId 2:
      CorsikaId        px        py        pz          x        y        z  shower_id  prm_id  prm_energy  prm_theta  prm_phi
1201          2  0.049433 -0.001776  0.015662   83.98870  246.230  2199.99        174    1608     4854.12     73.596     7.28
1222          2  0.095702  0.006946  0.030224   44.68060  222.985  2200.00        174    1608     4854.12     73.596     7.28
1228          2  0.219688  0.018243  0.057801   49.34040  224.443  2200.00        174    1608     4854.12     73.596     7.28
1250          2  0.096886  0.014280  0.026622   23.21200  234.788  2200.00        174    1608     4854.12     73.596     7.28
1255          2  0.014023  0.003961  0.013857  -57.10680  237.334  2200.00        174    1608     4854.12     73.596     7.28
1262          2  0.087946  0.011872  0.019699   76.02000  237.743  2200.00        174    1608     4854.12     73.596     7.28
1271          2  0.046770  0.017033  0.013110    9.12162  252.471  2199.99        174    1608     4854.12     73.596     7.28
1272          2  0.031510  0.003048  0.008012   -5.35406  229.693  2200.00        174    1608     4854.12     73.596     7.28
1280          2  0.028897 -0.002062  0.007099    6.38672  228.990  2200.00        174    1608     4854.12     73.596     7.28
2889          2  0.026326  0.005528  0.011459  276.24700  220.814  2199.99        348    2412     4642.95     75.459     7.62

Tabla para CorsikaId 3:
      CorsikaId        px        py        pz           x        y        z  shower_id  prm_id  prm_energy  prm_theta  prm_phi
1260          3  0.003285 -0.000666  0.003147   24.740900  231.500  2200.00        174    1608     4854.12     73.596     7.28
1264          3  0.110071  0.001043  0.026759   68.722300  229.276  2200.00        174    1608     4854.12     73.596     7.28
1274          3  0.000614  0.000516  0.000360    1.417930  230.097  2200.00        174    1608     4854.12     73.596     7.28
1275          3  0.223401  0.029357  0.069943    2.572350  229.797  2200.00        174    1608     4854.12     73.596     7.28
1279          3  0.000143 -0.000269  0.000163    5.883190  229.029  2200.00        174    1608     4854.12     73.596     7.28
1281          3  0.035502  0.007063  0.008982    0.638862  230.963  2200.00        174    1608     4854.12     73.596     7.28
1288          3  0.001800 -0.000415  0.002370  -22.720300  222.678  2200.00        174    1608     4854.12     73.596     7.28
1290          3  0.069968  0.005161  0.017616    7.071010  230.612  2200.00        174    1608     4854.12     73.596     7.28
1295          3  1.365910  0.176942  0.411510    1.432200  231.109  2200.00        174    1608     4854.12     73.596     7.28
2890          3  0.068106  0.011752  0.035912  271.188000  219.349  2199.99        348    2412     4642.95     75.459     7.62

Tabla para CorsikaId 5:
      CorsikaId         px         py         pz         x          y        z  shower_id  prm_id  prm_energy  prm_theta  prm_phi
124           5   62.53770   6.202530  22.445300 -154.8010  182.87300  2200.00         22     703    4484.610     70.274    5.409
144           5   57.37090   5.403630  20.483400  224.5560   -4.04980  2200.00         22     703    4484.610     70.274    5.409
178           5   40.89800   3.707950  14.648400  113.7060  -58.75920  2200.00         22     703    4484.610     70.274    5.409
676           5  113.27900  11.671600  40.684900 -462.7240 -189.95000  2199.98        126    1206    2885.220     70.446    5.952
686           5   53.39410   5.699400  19.080500 -175.0860  223.57000  2199.99        126    1206    2885.220     70.446    5.952
742           5   49.45600   5.297350  17.673800 -199.1160   14.52130  2200.00        126    1206    2885.220     70.446    5.952
792           5    1.08554   0.049844   0.425446  -41.4940    4.46901  2200.00        126    1206    2885.220     70.446    5.952
1300          5   27.72610   3.408230   8.200600 -189.5610 -250.56100  2199.99        174    1608    4854.120     73.596    7.280
1485          5    5.51572   0.225201   1.703540  183.6140 -239.80400  2199.99        188    1608    4619.810     73.739    2.963
1681          5   41.63760   6.055140  14.019800  237.7610  455.72600  2199.98        213    1608    5365.550     71.480    7.953
1729          5   26.45420   3.800520   8.846530  496.7590   97.92090  2199.98        213    1608    5365.550     71.480    7.953
1733          5   23.52830   3.409560   8.037880   27.2795   50.61020  2200.00        213    1608    5365.550     71.480    7.953
2257          5   22.33200   1.736080   6.009050 -208.4350   93.55650  2200.00        275    1608    2497.530     74.502    4.557
2285          5   28.25170   1.821810   8.008630  392.2220 -266.52200  2199.98        279    1608    3098.890     73.967    4.347
2606          5   10.43470  -0.001290   2.672780  143.0400 -404.24100  2199.99        329    2412     900.597     76.015    0.090
2694          5   69.89990  10.268000  23.056800  398.5640  103.70400  2199.99        345    2412    7741.480     71.883    8.326
2722          5   15.47630   2.290160   5.161360 -213.6920  190.38600  2199.99        345    2412    7741.480     71.883    8.326
2726          5   32.21920   4.253540  10.497000  108.7050 -318.38300  2199.99        345    2412    7741.480     71.883    8.326
2732          5   10.02500   1.628690   3.202910   33.0484  254.38100  2199.99        345    2412    7741.480     71.883    8.326
2833          5   23.87770   3.631010   7.762740  200.6500  454.48200  2199.98        345    2412    7741.480     71.883    8.326

Tabla para CorsikaId 6:
      CorsikaId        px        py        pz          x          y        z  shower_id  prm_id  prm_energy  prm_theta  prm_phi
12            6  49.62600  7.787300  16.59290  -17.07900 -138.43000  2200.00         10     703     1486.60     71.653    9.099
123           6  22.14830  2.366150   8.07470 -205.91800  338.70500  2199.99         22     703     4484.61     70.274    5.409
148           6  19.70410  1.671240   7.02339  375.64400 -269.98600  2199.98         22     703     4484.61     70.274    5.409
213           6  76.31020  7.345590  27.61550 -287.03600   -5.24397  2199.99         22     703     4484.61     70.274    5.409
595           6   5.17973  0.454222   1.77650  337.89000   90.57830  2199.99         98    1206      505.06     71.124    5.448
672           6   8.76173  0.945433   2.97661 -201.84400  287.21600  2199.99        126    1206     2885.22     70.446    5.952
1492          6   7.99562  0.311099   2.27916  -68.51920 -306.48900  2199.99        188    1608     4619.81     73.739    2.963
1496          6  90.88410  4.537010  26.47380  151.12800  -71.92150  2200.00        188    1608     4619.81     73.739    2.963
1509          6  51.14450  2.770920  14.82400  121.18200  163.48900  2200.00        188    1608     4619.81     73.739    2.963
1685          6  24.04800  3.322720   8.02104  362.11800  -60.54140  2199.99        213    1608     5365.55     71.480    7.953
1738          6  16.35270  2.439210   5.44543   -1.52256  186.48500  2200.00        213    1608     5365.55     71.480    7.953
1910          6  16.25090  2.655600   5.53199  110.86200 -152.07700  2200.00        243    1608     1192.94     70.764    9.938
2297          6  34.80760  2.632760  10.12970 -209.16400    1.90789  2200.00        279    1608     3098.89     73.967    4.347
2493          6  13.26150  0.093587   2.90634 -205.19800  243.58100  2199.99        307    1608     2106.57     77.400    0.011
2667          6  10.95010  1.807320   3.64648  -50.08560  146.62800  2200.00        345    2412     7741.48     71.883    8.326
2696          6   7.85812  1.091740   2.57571 -294.73900 -386.08500  2199.98        345    2412     7741.48     71.883    8.326
2829          6  14.02330  2.064420   4.62212  -79.84670 -331.68800  2199.99        345    2412     7741.48     71.883    8.326

