Tabla para CorsikaId 2:
       CorsikaId        px            py        pz            x            y          z  shower_id  prm_id  prm_energy  prm_theta  prm_phi
63             2  0.017109  7.520510e-03  0.010289    1633.3400    1900.2600   2199.510         23     703    990.6310     73.252   28.560
94             2 -0.000951 -2.391830e-03  0.003062  108055.0000 -408836.0000 -11844.100         31     703     20.5427     83.460  109.230
100            2 -0.003895 -2.192550e-03  0.010444  108058.0000 -408808.0000 -11842.300         31     703     20.5427     83.460  109.230
130            2 -0.034457 -1.621990e-01  0.053971    -943.5640   -8219.8100   2194.630         43     703    745.8340     72.614 -108.155
246            2 -0.001494  1.225000e-03  0.002852   14551.8000  -41881.3000   2045.780         72     703    240.2950     76.822  115.068
292            2 -0.001660  3.084730e-03  0.001812    5657.5700  -13843.7000   2182.450         73     703   1493.5100     81.854  113.344
310            2  0.004373 -1.147760e-03  0.004602    -202.8390     469.6630   2199.980         74     703    979.8540     80.536   -3.074
359            2  0.002823  2.297630e-03  0.001944     647.8760     411.2190   2199.950         74     703    979.8540     80.536   -3.074
370            2  0.048835 -1.704010e-03  0.019158     610.2870     410.5600   2199.960         74     703    979.8540     80.536   -3.074
477            2 -0.001964  1.211280e-03  0.001662     299.1000     -64.8814   2199.990         93     703    904.4600     71.454 -178.830
478            2 -0.015427 -3.451200e-04  0.005396     300.3840     -70.7051   2199.990         93     703    904.4600     71.454 -178.830
491            2 -0.047124 -4.394240e-03  0.015035     283.5690     -71.3762   2199.990         93     703    904.4600     71.454 -178.830
496            2 -0.120610 -2.829390e-03  0.040889     303.2070     -71.5636   2199.990         93     703    904.4600     71.454 -178.830
513            2 -0.074760 -1.011230e-02  0.034111     439.2920     -95.5608   2199.980         93     703    904.4600     71.454 -178.830
517            2 -0.902369 -2.085390e-02  0.320948     306.3480     -70.5997   2199.990         93     703    904.4600     71.454 -178.830
531            2 -0.438856 -4.859180e-03  0.145001     293.6370     -70.5900   2199.990         93     703    904.4600     71.454 -178.830
547            2 -0.116978 -6.145540e-03  0.037115     302.5830     -81.4510   2199.990         93     703    904.4600     71.454 -178.830
556            2 -0.024932  5.067970e-03  0.005981     281.5960     -73.6822   2199.990         93     703    904.4600     71.454 -178.830
563            2 -0.515535 -1.109010e-02  0.180085     309.4030     -70.7315   2199.990         93     703    904.4600     71.454 -178.830
618            2 -1.388890  1.329320e+00  0.639382   -1329.9300    -518.4960   2199.840        102     703    882.8340     70.553  134.254
707            2  0.003459 -2.066990e-03  0.006070  -25145.6000   -1021.9400   2150.310        124     703    236.2650     74.965    8.020
860            2 -0.002702 -3.036910e-03  0.007986 -128058.0000   -4031.9700    912.103        172     703     95.8053     74.238    2.796
879            2 -0.001213 -1.965710e-03  0.006130   96391.0000  -51021.1000   1266.820        182     703     48.5913     77.215  159.307
931            2  0.004766 -6.909500e-03  0.003188    5451.0800  -11779.6000   2186.780        200     703    834.7770     72.384  -64.539
968            2  0.067807 -1.285270e-01  0.046936    5431.9400  -11757.6000   2186.840        200     703    834.7770     72.384  -64.539
974            2  0.279699 -5.800720e-01  0.174213    5435.0200  -11767.1000   2186.820        200     703    834.7770     72.384  -64.539
1098           2 -0.034714 -5.874640e-03  0.016404   -2311.6800   -2643.5300   2199.030        210     703    456.5890     70.909 -167.903
1228           2  0.007713 -1.346710e-02  0.003149  -10081.6000   14457.9000   2175.630        237     703    738.5980     83.501  -67.105
1280           2  0.003576  7.240700e-03  0.001709   -1040.8900    3611.1400   2198.890        241     703   1602.0400     73.427   93.365
1303           2 -0.002871  3.211910e-02  0.017615   -1247.6900  -12990.8000   2186.640        241     703   1602.0400     73.427   93.365
1318           2 -0.000769  1.684640e-04  0.001180   -1248.6600  -13094.5000   2186.430        241     703   1602.0400     73.427   93.365
1327           2  0.006116  6.683640e-03  0.000964  -69502.7000  -78959.3000   1331.880        242     703   1078.1800     85.953   48.247
1360           2  0.000517 -2.121470e-04  0.003109     926.2290  -17439.5000   2176.070        255    1206   4013.9100     71.542   85.661
1435           2 -0.005384  1.123340e-02  0.007075    1322.0200    6215.8100   2196.830        255    1206   4013.9100     71.542   85.661
1521           2  0.020031  3.886450e-02  0.004833  -15546.8000  -14786.3000   2163.890        264    1206    413.6000     75.188   51.545
1570           2 -0.380312 -2.600670e+00  0.853496    1556.3800   -7318.7300   2195.610        277    1206    725.9940     72.304 -102.133
1624           2  0.129774  8.673930e-01  0.216155  -56969.0000 -209257.0000  -1490.850        304    1206    545.7540     85.372   77.588
1748           2  0.001342 -2.757880e-03  0.000182    1688.1200   -2055.8200   2199.440        318    1206   6471.6000     70.182  -40.295
1842           2  0.288622 -5.153160e-01  0.262575   -4596.7700    4942.0700   2196.430        322    1206    688.0580     71.075  -56.741
1855           2  0.056331  2.078960e-01  0.122561  -10505.5000   -8440.9300   2185.750        329    1206    601.5240     70.853   57.652
1903           2 -0.011049 -6.347320e-03  0.012508   -2390.9000    -830.6490   2199.500        330    1206    995.9750     76.421 -157.099
1952           2 -0.060022 -2.479580e-02  0.017494   -2455.4300    -854.5600   2199.470        330    1206    995.9750     76.421 -157.099
1958           2 -0.168720 -8.094600e-02  0.044489   -2434.7200    -859.2540   2199.480        330    1206    995.9750     76.421 -157.099
2000           2 -0.126513 -5.155630e-02  0.043679   -2398.1600    -831.1560   2199.490        330    1206    995.9750     76.421 -157.099
2005           2 -0.106591 -4.566360e-02  0.033311   -2432.5000    -844.9650   2199.480        330    1206    995.9750     76.421 -157.099
2010           2 -0.161292 -7.295830e-02  0.037469   -2454.5300    -864.7320   2199.470        330    1206    995.9750     76.421 -157.099
2013           2 -0.041032 -1.854600e-02  0.009735   -2455.7600    -859.6070   2199.470        330    1206    995.9750     76.421 -157.099
2031           2 -0.008919 -8.051050e-03  0.005684   -7684.5600  -13978.3000   2180.040        331    1206   1800.6800     81.585 -120.368
2042           2 -0.007155 -3.644650e-03  0.002582    4487.2100   26607.3000   2142.880        332    1206    743.7990     73.176 -109.049
2138           2 -0.013285  2.557290e-02  0.005708   -2151.4700    -122.4780   2199.640        333    1206   1042.4000     76.649  113.886
2263           2  0.001533 -2.777840e-02  0.005310     999.5270  -15610.5000   2180.800        357    1206    860.2730     71.484  -90.017
2303           2  0.016598 -4.581440e-02  0.023790    3073.8200   -5533.3200   2196.860        369    1206    920.2340     70.043  -80.599
2316           2  0.016439 -5.850080e-02  0.014672    3089.7000   -5594.2300   2196.800        369    1206    920.2340     70.043  -80.599
2363           2  0.001199 -8.628400e-03  0.002285    3066.6400   -5559.6100   2196.840        369    1206    920.2340     70.043  -80.599
2366           2  0.019561 -1.105040e-01  0.044556    3066.8200   -5559.6200   2196.840        369    1206    920.2340     70.043  -80.599
2418           2  0.011916 -5.520440e-02  0.003174    3108.3700   -5667.6200   2196.720        369    1206    920.2340     70.043  -80.599
2427           2  0.027434 -1.154880e-01  0.048246    3080.3700   -5538.2200   2196.850        369    1206    920.2340     70.043  -80.599
2459           2  0.014150 -2.495480e-02  0.014741    3081.4500   -5529.5200   2196.860        369    1206    920.2340     70.043  -80.599
2481           2  0.097104 -4.260480e-01  0.168713    3084.5000   -5552.4500   2196.840        369    1206    920.2340     70.043  -80.599
2559           2 -0.008145 -1.003650e-02  0.008429     404.5700    2541.6100   2199.480        399    1206   2069.2700     72.885 -107.927
2568           2 -0.003756 -7.719090e-03  0.002785     493.1870    2148.8600   2199.620        399    1206   2069.2700     72.885 -107.927
2658           2 -0.019659 -4.387570e-02  0.016833     363.4790    3484.6500   2199.040        399    1206   2069.2700     72.885 -107.927
2733           2 -0.024890  7.497650e-03  0.014298    7531.9400   -5297.6400   2193.350        400    1206    487.2990     77.817  170.075
2750           2 -0.029016  3.047510e-03  0.004759    7177.0300   -5268.0000   2193.780        400    1206    487.2990     77.817  170.075
2773           2 -0.230088  3.435640e-02  0.043544    7151.8200   -5268.4400   2193.810        400    1206    487.2990     77.817  170.075
2796           2 -0.111136  1.968760e-02  0.039292    7262.1100   -5275.5600   2193.680        400    1206    487.2990     77.817  170.075
2824           2  0.036213  6.250970e-02  0.018855  -16326.4000  -26102.0000   2125.640        409    1206   6817.2500     82.111   61.011
2845           2  0.018662  4.652720e-02  0.017523  -20460.1000  -32971.2000   2081.880        409    1206   6817.2500     82.111   61.011
2864           2  0.380817  7.483050e-01  0.275472  -20568.5000  -34774.0000   2071.950        409    1206   6817.2500     82.111   61.011
2896           2 -0.009205  1.076820e-02  0.003742   16675.9000  -22957.6000   2136.840        410    1206   1313.5200     77.235  135.164
2922           2 -0.019786  1.816030e-02  0.011476   16534.8000  -22969.0000   2137.160        410    1206   1313.5200     77.235  135.164
2935           2 -0.002076 -2.986170e-04  0.000255   16524.8000  -22956.8000   2137.230        410    1206   1313.5200     77.235  135.164
2951           2 -0.344938  3.088450e-01  0.159208   16530.8000  -22960.4000   2137.200        410    1206   1313.5200     77.235  135.164
2961           2 -0.044780  3.516060e-02  0.035143   16641.7000  -23032.4000   2136.660        410    1206   1313.5200     77.235  135.164
3016           2 -0.105823 -8.144880e-02  0.037256    3655.9900   -6062.5000   2196.070        421    1206   1128.6000     80.185 -153.879
3026           2 -0.020445 -1.640170e-02  0.006572    3670.4500   -6058.4000   2196.060        421    1206   1128.6000     80.185 -153.879
3113           2 -0.001699  9.020720e-04  0.002537    1895.5000   -2180.9600   2199.340        427    1206   2231.6400     70.951  142.757
3176           2  0.002588  4.062660e-03  0.003892   42058.9000  -69285.0000   1684.610        432    1206    459.9270     80.024  121.261
3206           2  0.022540  7.654520e-02  0.047990   -5911.4400  -12533.1000   2184.940        433    1206   1302.3300     71.568   71.609
3234           2 -0.001174  1.862040e-03  0.005779  -77843.2000  -22602.8000   1684.530        440    1206    188.8020     76.533   16.606
3310           2  0.000965  3.560570e-03  0.003809 -279630.0000  -81535.2000  -4459.200        468    1206    131.8480     83.226   20.749
3357           2  2.596450  3.154210e+00  0.896022   -8548.8700   -1928.2700   2193.970        472    1206   3072.6700     78.256   46.707
3369           2  0.409264  5.101800e-01  0.143885   -8547.8100   -1927.0300   2193.980        472    1206   3072.6700     78.256   46.707
3417           2  0.013419  1.051110e-02  0.008768   -2824.5400   -1453.2900   2199.210        473    1206   2184.4300     76.743   27.012
3423           2  0.015672  8.818250e-03  0.007712   -2711.4200   -1420.5600   2199.260        473    1206   2184.4300     76.743   27.012
3429           2  0.004534  2.883480e-03  0.001995   -2710.6400   -1372.9900   2199.280        473    1206   2184.4300     76.743   27.012
3434           2  0.010599  7.140460e-03  0.003987   -2670.1600   -1392.6900   2199.290        473    1206   2184.4300     76.743   27.012
3440           2  0.030779  1.015970e-02  0.026303   -2911.3200   -1533.8700   2199.150        473    1206   2184.4300     76.743   27.012
3449           2  0.046500  1.063190e-02  0.006337   -2686.8300   -1414.2100   2199.280        473    1206   2184.4300     76.743   27.012
3476           2  0.028726  5.199390e-03  0.008722   -2946.7600   -1631.3100   2199.110        473    1206   2184.4300     76.743   27.012
3543           2 -0.008865  9.872120e-03  0.005792   19260.7000 -123690.0000    970.560        501    1206    218.7720     79.967  104.291
3653           2 -0.006831 -6.520090e-03  0.007520   -3653.1800  -10369.3000   2190.520        511    1206   1530.1100     78.009 -162.015
3703           2 -0.339351 -9.245210e-03  0.143209   24905.5000   -6011.1500   2148.500        520    1206    813.0070     74.872  175.534
3711           2 -0.046522 -1.076210e-03  0.018910   24872.1000   -6020.0000   2148.630        520    1206    813.0070     74.872  175.534
3715           2 -0.297336 -9.731310e-03  0.117532   24896.1000   -6011.6300   2148.540        520    1206    813.0070     74.872  175.534
3794           2  0.002159  2.145450e-03  0.002109  -13171.0000    8577.4700   2180.620        531    1206    673.0980     70.955  -33.746
3827           2  1.310480  1.121090e+00  0.436286  -90935.7000  -64885.6000   1220.920        536    1206    473.3540     83.086   37.214
3836           2 -0.002809 -3.743680e-03  0.002032   -9327.6900  -12281.7000   2181.340        540    1206    264.9670     71.337 -158.431
3853           2 -0.005417  9.945790e-04  0.004960    8035.4800  -21640.2000   2158.200        542    1206    212.3210     70.123  128.253
3918           2  0.602348  2.974540e-02  0.198678   -6918.3700     451.4190   2196.230        558    1608    549.7640     73.794    2.637
3937           2  0.049856 -4.583530e-03  0.016043   -6883.1000     449.7500   2196.270        558    1608    549.7640     73.794    2.637
3942           2  0.749425  3.114440e-02  0.254941   -6920.6700     450.8620   2196.230        558    1608    549.7640     73.794    2.637
3969           2  0.031728 -8.403170e-03  0.019278    7006.7500    3399.9800   2195.240        560    1608   4089.6400     70.911  -14.008
4043           2  0.001533 -2.613370e-03  0.001879   26155.8000   10175.1000   2138.210        563    1608    306.1870     76.122 -145.195
4081           2  0.209487  5.946880e-02  0.074742   -5520.8300     378.2420   2197.600        572    1608    844.0200     73.215   14.510
4108           2 -0.000108 -7.448030e-04  0.003239   -5574.9000     363.2760   2197.550        572    1608    844.0200     73.215   14.510
4213           2 -0.007463  1.566020e-02  0.024115    1995.0600    3396.2300   2198.780        597    1608   2443.9000     72.336   67.936
4229           2  0.032295  6.174710e-02  0.018808    2136.5000    3699.7300   2198.570        597    1608   2443.9000     72.336   67.936
4238           2 -0.000092 -9.847450e-06  0.002209    2083.6400    3567.1600   2198.660        597    1608   2443.9000     72.336   67.936
4261           2  0.040434  9.620420e-02  0.026932    2102.8100    3657.6400   2198.600        597    1608   2443.9000     72.336   67.936
4268           2  0.101678  3.374980e-01  0.115612    2078.1400    3633.6500   2198.630        597    1608   2443.9000     72.336   67.936
4307           2  0.181910  4.053250e-01  0.125665    2104.7900    3661.4600   2198.600        597    1608   2443.9000     72.336   67.936
4373           2  0.006737  1.365230e-02  0.003713    2126.6000    3710.6900   2198.570        597    1608   2443.9000     72.336   67.936
4395           2  0.025727  7.812110e-02  0.016442    2104.7700    3661.0700   2198.600        597    1608   2443.9000     72.336   67.936
4397           2  0.181320  4.635240e-01  0.139311    2102.0600    3651.7600   2198.610        597    1608   2443.9000     72.336   67.936
4399           2  0.001727  9.797850e-03  0.002333    2105.6000    3662.8900   2198.600        597    1608   2443.9000     72.336   67.936
4403           2  0.006891  1.521630e-02  0.003743    2108.8100    3676.1100   2198.590        597    1608   2443.9000     72.336   67.936
4410           2 -0.000212  2.539830e-03  0.005210    2099.2500    3620.5900   2198.630        597    1608   2443.9000     72.336   67.936
4427           2  0.031127  7.705490e-02  0.023064    2115.9500    3683.5100   2198.580        597    1608   2443.9000     72.336   67.936
4433           2 -0.000900  3.249700e-03  0.003751    2079.8800    3642.8900   2198.620        597    1608   2443.9000     72.336   67.936
4442           2  0.004874  1.485200e-02  0.005335    2098.8600    3666.2400   2198.600        597    1608   2443.9000     72.336   67.936
4443           2  0.007258  2.989460e-02  0.012098    2096.6400    3661.9600   2198.600        597    1608   2443.9000     72.336   67.936
4449           2  0.005691  2.064630e-02  0.008214    2111.5500    3669.8600   2198.590        597    1608   2443.9000     72.336   67.936
4455           2  0.106415  2.223620e-01  0.074570    2110.0000    3659.9100   2198.600        597    1608   2443.9000     72.336   67.936
4480           2  0.002195  6.767390e-03  0.004069   -4555.5100  -19935.0000   2167.200        597    1608   2443.9000     72.336   67.936
4506           2 -0.002178  5.421160e-03  0.005176   -4563.7300  -19912.0000   2167.260        597    1608   2443.9000     72.336   67.936
4596           2 -0.000232  1.084540e-03  0.000090   -2292.0700    1234.0800   2199.470        613    1608   1512.8500     75.271  179.927
4668           2 -0.006683 -1.396220e-02  0.014487   21027.4000   17544.7000   2141.160        618    1608   7348.1300     72.629 -132.695
4734           2 -0.228339 -2.356100e-01  0.081391   -4470.2100   -5925.7000   2195.680        618    1608   7348.1300     72.629 -132.695
4748           2 -0.418825 -4.361360e-01  0.128483   -4500.9600   -5951.8700   2195.630        618    1608   7348.1300     72.629 -132.695
4761           2 -0.006113 -7.801060e-03  0.017954    3365.0800    4871.6000   2197.250        618    1608   7348.1300     72.629 -132.695
4832           2  0.009191  1.955640e-04  0.015734   -5975.1700    -356.6510   2197.190        639    1608    701.2070     71.494    2.834
5013           2  0.416300  2.198380e-01  0.176085  -11640.2000   -6093.5400   2186.460        679    1608    849.6740     73.754   28.656
5062           2 -0.010010  2.493860e-02  0.019089   -1072.5000   -1667.3100   2199.690        683    1608   2359.3200     77.825  115.042
5097           2 -0.127617  2.279170e-01  0.056498   -1174.9300   -1465.0800   2199.720        683    1608   2359.3200     77.825  115.042
5189           2  0.014318 -4.615430e-02  0.015886    4864.5800   -9488.2500   2191.080        692    1608    724.6950     75.265  -78.826
5219           2 -0.000250 -1.705940e-03  0.005020   -7721.4200  -15574.4000   2176.290        693    1608    404.5160     71.230 -131.042
5222           2 -0.164905 -1.745140e-01  0.086816   -7739.3100  -15586.5000   2176.240        693    1608    404.5160     71.230 -131.042
5244           2  0.030895  1.053670e-02  0.007023   -3729.5400    5424.0900   2196.600        695    1608   1078.6000     73.566    2.448
5294           2  0.002179 -7.391220e-04  0.000977      83.6180  -14860.8000   2182.670        710    1608   1329.8000     70.631 -104.469
5296           2  0.001221 -6.466960e-02  0.018406      79.2562  -14863.6000   2182.670        710    1608   1329.8000     70.631 -104.469
5319           2 -0.009467 -1.737870e-02  0.012988    2855.1600    6468.5000   2196.080        710    1608   1329.8000     70.631 -104.469
5394           2  0.006026  3.963550e-03  0.001267   -3698.3900   -1296.9800   2198.790        729    1608    378.0910     70.490   47.389
5477           2 -0.026388  8.229530e-03  0.010234  105671.0000  -82086.6000    795.234        734    1608   1020.7100     85.095  147.839
5518           2 -0.003916 -4.901680e-03  0.006551   -1080.0700   -5326.5300   2197.680        749    1608    961.8700     73.296 -130.976
5540           2 -0.062510 -1.315360e-02  0.030335    9226.0100   -8617.5900   2187.500        756    1608    751.4790     78.625 -178.979
5549           2 -0.043420  6.921030e-04  0.016859    9213.4300   -8589.2800   2187.550        756    1608    751.4790     78.625 -178.979
5612           2  0.150264 -1.970130e-01  0.039023     151.8760   -2627.9500   2199.460        762    1608   2031.8300     77.709  -52.023
5621           2  0.000454  4.553710e-04  0.000968     154.9090   -2647.0800   2199.450        762    1608   2031.8300     77.709  -52.023
5690           2  0.004395 -1.663120e-03  0.004169   -1108.1700   -2523.1300   2199.400        782    1608    990.5300     71.345  -26.863
5740           2  0.015632  1.279490e-02  0.009444  -63595.9000  -29035.1000   1816.570        798    1608    235.8000     76.300   22.660
5777           2  0.006384 -1.064730e-02  0.006777   -1305.8200    1790.6800   2199.610        803    1608   3144.5400     71.530  -61.009
5790           2  0.001603 -3.213850e-03  0.001463   -1305.6500    1809.3100   2199.610        803    1608   3144.5400     71.530  -61.009
5792           2  0.001032 -7.156130e-03  0.000315   -1259.3700    1657.9900   2199.660        803    1608   3144.5400     71.530  -61.009
5805           2  0.040673 -7.771680e-02  0.036079   -1273.7000    1770.4600   2199.630        803    1608   3144.5400     71.530  -61.009
5819           2  0.012209 -2.717050e-02  0.017532   -1312.8000    1793.4500   2199.610        803    1608   3144.5400     71.530  -61.009
5831           2 -0.000098 -2.338240e-03  0.001587   -1476.8800    1903.5300   2199.540        803    1608   3144.5400     71.530  -61.009
5855           2 -0.001519 -5.952560e-04  0.002077   59919.6000  175321.0000   -493.582        808    1608   5175.6700     88.693 -110.773
5902           2  0.008834  2.568050e-02  0.020753  -12777.0000  -10458.6000   2178.610        812    1608    615.8570     71.111   45.255
5954           2  0.001188 -1.243870e-02  0.005455    1268.8800     971.6180   2199.800        817    1608   2166.8800     80.545  -95.285
6019           2 -0.015004 -1.117140e-01  0.024576    1276.8600     513.2570   2199.850        817    1608   2166.8800     80.545  -95.285
6083           2  0.000449  5.073640e-07  0.003325    2943.6400  -11445.0000   2189.040        824    1608   1350.7400     72.375  114.488
6115           2 -0.012701  2.046150e-02  0.004895    2840.2800  -11163.0000   2189.590        824    1608   1350.7400     72.375  114.488
6180           2  0.001863 -3.466200e-02  0.007903    1784.1100  -13944.6000   2184.500        828    1608   6102.0200     73.262  -82.033
6199           2  0.016905 -1.914080e-01  0.043967    1796.1900  -13964.9000   2184.450        828    1608   6102.0200     73.262  -82.033
6252           2  0.003034  2.252750e-04  0.003418   -1157.1100     986.3880   2199.820        828    1608   6102.0200     73.262  -82.033
6442           2 -0.004028 -1.040300e-02  0.003045    2340.6100    1798.4900   2199.320        833    1608   6891.6800     71.760 -117.082
6453           2 -0.235652 -4.583340e-01  0.177528    2403.1500    1840.5000   2199.280        833    1608   6891.6800     71.760 -117.082
6472           2 -0.007873 -1.816590e-02  0.007410    1640.6700     314.3590   2199.780        833    1608   6891.6800     71.760 -117.082
6535           2 -0.005382  1.585600e-03  0.003344    3511.6600    3037.9100   2198.310        835    1608   1632.5600     75.009  168.019
6547           2 -0.027818  7.141180e-03  0.003085    3434.9300    3062.7900   2198.340        835    1608   1632.5600     75.009  168.019
6760           2  0.000613  1.746150e-03  0.004344    6065.8700  -33465.6000   2109.250        882    1608   1126.3400     76.768  103.885
6772           2 -0.015666  2.379230e-02  0.008682    5972.1200  -33348.3000   2109.960        882    1608   1126.3400     76.768  103.885
6797           2 -0.123476  4.547230e-01  0.152261    5992.5300  -33364.8000   2109.850        882    1608   1126.3400     76.768  103.885
6850           2 -0.035320 -2.400210e-02  0.016692  -11479.2000  -11780.0000   2178.780        886    1608    985.8370     73.924 -140.908
6922           2  0.032207  5.472090e-02  0.055890  -62246.6000 -133409.0000    499.563        901    1608    513.3000     81.708   66.899
7022           2 -0.000992  1.976870e-04  0.000643   15910.7000  -12070.4000   2168.710        917    1608   1660.3200     79.537  157.957
7037           2 -0.581452  1.993040e-01  0.115717   15795.9000  -12048.5000   2169.040        917    1608   1660.3200     79.537  157.957
7042           2 -0.010363  2.441310e-03  0.004421   23644.3000  -11473.4000   2145.820        917    1608   1660.3200     79.537  157.957
7052           2 -0.217887  7.980100e-02  0.056244   23645.4000  -11474.4000   2145.810        917    1608   1660.3200     79.537  157.957
7108           2  0.001658 -3.114600e-02  0.008056     -83.8425  -18741.3000   2172.450        923    1608   4671.4900     78.982  -95.878
7131           2  0.002162 -1.655210e-02  0.003093    -119.1350  -19216.5000   2171.030        923    1608   4671.4900     78.982  -95.878
7253           2 -0.000482  7.277590e-04  0.001164   -4959.0200   -7099.1000   2194.120        949    1608   2589.4100     71.468   66.194
7270           2  0.020269  4.149170e-02  0.014224   -5006.8600   -6540.7300   2194.680        949    1608   2589.4100     71.468   66.194
7379           2  0.000741  1.738000e-02  0.022026  -57327.4000  -60122.9000   1658.580        970    1608    261.5540     74.441   46.151
7404           2  0.000981 -1.873720e-03  0.002180   -1927.8700  -40878.8000   2068.610        974    1608    743.8910     70.935 -101.644
7466           2  0.011826  1.581170e-02  0.007056     153.6100   -1281.7000   2199.870        981    1608   4252.3300     70.959   68.621
7473           2  0.003860  2.539050e-02  0.009996     176.3960   -1302.5400   2199.860        981    1608   4252.3300     70.959   68.621
7518           2  0.000969 -3.998950e-05  0.004729    1234.6300    2341.5800   2199.450        981    1608   4252.3300     70.959   68.621
7619           2  0.012965  1.828960e-02  0.022679   -6127.0600  -12014.1000   2185.730        981    1608   4252.3300     70.959   68.621
7633           2  0.007782  1.444640e-02  0.049332 -206754.0000 -217625.0000  -4872.890        982    1608    300.9940     84.127   45.731
7722           2  0.328281  5.963960e-01  0.286580  -10778.7000  -19987.4000   2159.550        991    1608    872.1100     71.867   60.958
7769           2  0.023330  1.286920e-02  0.016418   -9489.0700   -7356.6300   2188.690       1000    1608   1835.4100     70.243   28.290
7801           2  0.093349  4.531810e-02  0.042450   -9451.8200   -7320.0500   2188.790       1000    1608   1835.4100     70.243   28.290
7843           2  0.082422 -2.049770e-01  0.072438    5893.0300  -16605.6000   2175.640       1003    1608   1887.2800     70.908  -72.826
7864           2  0.000147 -1.611280e-02  0.005277    5907.3800  -16766.3000   2175.210       1003    1608   1887.2800     70.908  -72.826
8053           2  0.140051  8.798370e-02  0.040355  -42800.9000  -17018.2000   2033.560       1027    1608   7270.6000     82.270   28.417
8062           2  0.292128  2.051270e-01  0.083551  -42802.3000  -17009.2000   2033.580       1027    1608   7270.6000     82.270   28.417
8158           2 -0.032137  4.167690e-02  0.024026   12621.2000  -17337.7000   2163.920       1031    1608    672.2350     73.912  134.994
8192           2 -0.285134 -1.819160e-01  0.049998  -19994.5000  -13281.6000   2154.800       1037    1608   2006.1000     74.039 -147.958
8254           2 -0.000814 -2.082880e-03  0.002166  -12600.2000   -7110.3400   2183.580       1037    1608   2006.1000     74.039 -147.958
8263           2 -0.066291 -5.372950e-02  0.034290  -12484.2000   -7021.2100   2183.910       1037    1608   2006.1000     74.039 -147.958
8267           2 -0.522630 -3.210660e-01  0.203245    7713.5700    4989.6900   2193.380       1037    1608   2006.1000     74.039 -147.958
8316           2 -0.077105 -2.611520e-02  0.034146   15228.5000   -4431.9800   2180.270       1057    1608   1599.5700     74.075 -172.005
8317           2 -0.013804 -4.955370e-03  0.008959   15242.1000   -4431.1700   2180.230       1057    1608   1599.5700     74.075 -172.005
8336           2 -0.021339  7.854700e-04  0.020124   -3594.6100   -2940.8300   2198.310       1057    1608   1599.5700     74.075 -172.005
8434           2 -0.042285  4.865140e-02  0.015047    -798.9230   -4559.5900   2198.320       1073    1608   1612.8400     72.489  137.268
8476           2 -0.246166  2.223360e-01  0.208944   30001.0000  -15007.7000   2111.720       1074    1608   2259.3900     70.923  146.396
8506           2 -0.001102  1.571570e-03  0.001500    7196.4100  -41441.5000   2061.210       1075    1608    292.0520     71.849  103.292
8592           2 -0.007277  4.112900e-01  0.077660   -1639.7200   -8292.8400   2194.390       1091    1608   1576.7700     77.398   91.672
8601           2 -0.011198  1.235210e-01  0.027145   -1645.2400   -8302.6100   2194.380       1091    1608   1576.7700     77.398   91.672
8624           2 -0.098491 -1.597090e-01  0.066724   -2302.7100  -13718.9000   2184.820       1092    1608    680.0540     71.168 -120.449
8650           2 -0.017182 -4.142730e-02  0.015054   -2313.7700  -13778.1000   2184.690       1092    1608    680.0540     71.168 -120.449
8658           2 -0.012440 -2.799030e-02  0.005422   -2315.3600  -13826.5000   2184.580       1092    1608    680.0540     71.168 -120.449
8665           2 -0.014575 -3.885000e-02  0.011949   -2289.4000  -13747.8000   2184.760       1092    1608    680.0540     71.168 -120.449
8673           2 -0.001433 -1.363240e-03  0.001763   -2320.4900  -13559.9000   2185.150       1092    1608    680.0540     71.168 -120.449
8772           2  0.597009  5.246200e-01  0.273561  -10138.3000   -6985.0400   2188.110       1125    1608   2486.7600     75.220   40.869
8782           2  0.099937  5.751960e-01  0.285897  -25655.6000  -74121.6000   1717.340       1129    1608    192.1490     75.261   74.116
8828           2 -0.006551  2.854750e-03  0.006917   -1619.2700   -2876.0300   2199.150       1133    1608   1393.4600     74.227 -177.477
8996           2 -0.043181  8.441620e-02  0.019599  118821.0000 -230999.0000  -3095.900       1159    1608    317.8760     84.653  118.997
9023           2  0.005007 -3.542030e-03  0.005791  -51830.6000  -24200.8000   1943.300       1175    1608    256.8520     70.637   25.537
9039           2 -0.100107  5.031930e-02  0.056587  190615.0000 -218607.0000  -4402.870       1182    1608    406.7930     86.399  134.170
9133           2  0.008333  2.859070e-03  0.013447   -4527.6700   -2105.5100   2198.040       1203    1608   2181.6300     77.886   16.248
9150           2  0.041427  1.564430e-02  0.013767   -2642.0400    4851.6500   2197.610       1203    1608   2181.6300     77.886   16.248
9166           2  0.175279  6.227840e-02  0.042046   -2631.1700    4848.7600   2197.610       1203    1608   2181.6300     77.886   16.248
9180           2  0.000830  9.544600e-04  0.000571  -14252.4000  -14677.7000   2167.160       1209    1608    291.7330     71.058   37.829
9221           2 -0.333654  3.888990e-01  0.261504    8195.1900  -11727.7000   2183.940       1217    1608    583.6670     70.491  131.109
9361           2 -0.183287  1.502370e-01  0.067035   25143.9000  -38359.3000   2034.970       1261    1608    550.9000     77.083  133.897
9379           2  0.050214  3.082800e-02  0.028973   -4401.6100    -454.1490   2198.460       1264    1608    693.2130     71.096   27.322
9481           2  0.035810 -6.092050e-02  0.016262   10270.6000  -18749.6000   2164.150       1287    1608   4983.4800     74.897  -62.060
9489           2  0.001957 -8.481450e-03  0.001935   10266.0000  -18734.3000   2164.200       1287    1608   4983.4800     74.897  -62.060
9492           2  0.002776 -1.851360e-03  0.001517   10286.7000  -18775.5000   2164.040       1287    1608   4983.4800     74.897  -62.060
9496           2  0.353538 -6.575620e-01  0.149002   10286.1000  -18778.4000   2164.040       1287    1608   4983.4800     74.897  -62.060
9532           2  0.006286 -4.353950e-03  0.009086   -4301.9800    4108.3100   2197.220       1287    1608   4983.4800     74.897  -62.060
9584           2  0.008834 -1.667390e-02  0.006566     965.5130   -1638.1500   2199.720       1287    1608   4983.4800     74.897  -62.060
9586           2  0.009815 -2.280550e-02  0.006069     967.9440   -1643.1600   2199.710       1287    1608   4983.4800     74.897  -62.060
9593           2  0.023961 -4.752010e-02  0.015528     967.4200   -1641.4200   2199.720       1287    1608   4983.4800     74.897  -62.060
9604           2  0.551702 -1.028030e+00  0.320554     967.7950   -1642.6600   2199.710       1287    1608   4983.4800     74.897  -62.060
9632           2  0.032712 -5.216110e-02  0.010762     990.8520   -1669.0100   2199.700       1287    1608   4983.4800     74.897  -62.060
9637           2  0.093050 -1.921630e-01  0.045625     986.5940   -1670.1100   2199.700       1287    1608   4983.4800     74.897  -62.060
9668           2  0.058890 -1.108030e-01  0.032806     969.2970   -1645.3300   2199.710       1287    1608   4983.4800     74.897  -62.060
9669           2  0.004178 -9.286080e-03  0.003624     966.2890   -1637.0700   2199.720       1287    1608   4983.4800     74.897  -62.060
9672           2  0.075541 -1.628520e-01  0.051753     968.0790   -1645.3500   2199.710       1287    1608   4983.4800     74.897  -62.060
9679           2  0.058204 -1.223030e-01  0.017076    1010.5600   -1728.6000   2199.690       1287    1608   4983.4800     74.897  -62.060
9721           2  0.013418 -1.028050e-02  0.007562     981.0170   -1642.3600   2199.710       1287    1608   4983.4800     74.897  -62.060
9730           2  0.162012 -3.040990e-01  0.093033     967.5080   -1642.0400   2199.720       1287    1608   4983.4800     74.897  -62.060
9743           2  0.390069 -7.256420e-01  0.229700     968.0400   -1644.3000   2199.710       1287    1608   4983.4800     74.897  -62.060
9748           2  0.021072 -5.350280e-02  0.019894     930.6570   -1637.8100   2199.720       1287    1608   4983.4800     74.897  -62.060
9759           2  0.041785 -4.339640e-02  0.017162     967.5220   -1608.0200   2199.720       1287    1608   4983.4800     74.897  -62.060
9773           2  0.002291 -3.679960e-03  0.001955     917.1420   -1563.4600   2199.740       1287    1608   4983.4800     74.897  -62.060
9830           2  0.009485 -9.847590e-04  0.012094   -6291.4200   -1024.4400   2196.810       1290    1608   1099.3700     70.488  -24.425
9918           2 -0.002352 -5.607150e-03  0.012951  -13279.1000  -35809.2000   2085.570       1316    1608    549.4280     81.902 -115.379
10021          2  0.000322  2.723190e-03  0.000607    2526.3800  -10666.5000   2190.570       1338    1608   2055.0400     71.776  110.076
10063          2 -0.033143 -5.587740e-02  0.037010    1566.4100  -18765.3000   2172.180       1351    1608    205.5060     71.054 -121.405
10139          2  0.023770  2.164340e-01  0.071120 -106577.0000 -283322.0000  -4992.420       1366    1608    465.9880     85.489   72.544
10192          2 -0.030066  7.064300e-02  0.017315     272.7930    1949.2100   2199.700       1380    1608   3790.7900     78.248  119.262
10194          2 -0.083675  1.517440e-01  0.032741     230.1850    1964.7900   2199.690       1380    1608   3790.7900     78.248  119.262
10225          2  0.006321 -3.352340e-02  0.009665    4497.0700   -3552.1800   2197.420       1388    1608    836.2560     75.140  -80.359
10246          2  0.008000 -4.923160e-02  0.003081    4518.5600   -3600.2200   2197.380       1388    1608    836.2560     75.140  -80.359
10249          2  0.004058 -3.078810e-02  0.013275    4510.9100   -3535.3300   2197.420       1388    1608    836.2560     75.140  -80.359
10394          2  0.010218  5.269960e-03  0.005158  -35809.0000  -14009.7000   2084.010       1408    1608    780.1730     78.491   23.460
10511          2 -0.003602  2.358090e-04  0.032259 -122674.0000 -822334.0000 -52263.500       1431    1608     69.2383     89.360   82.663
10654          2  0.002854  5.269740e-02  0.018625  -20102.7000 -120292.0000   1033.020       1458    1608    574.3210     81.461   81.841
10667          2  0.008011  2.212650e-02  0.041399  -26682.0000 -112348.0000   1153.870       1458    1608    574.3210     81.461   81.841
10679          2  0.009427  9.681980e-02  0.027711  -26680.4000 -111548.0000   1167.930       1458    1608    574.3210     81.461   81.841
10838          2 -0.002464  4.180770e-04  0.000654  -10698.4000  -51526.1000   1982.740       1484    1608   2291.5000     82.547   77.444
10864          2  0.024252 -1.798590e-02  0.024339   12737.3000  -15905.8000   2167.430       1485    1608    521.2920     74.922  -55.105
10876          2  0.024321 -2.906960e-02  0.029039   12763.9000  -16029.6000   2167.060       1485    1608    521.2920     74.922  -55.105
10927          2  0.006131  2.977130e-03  0.006213  -17448.2000  -24457.4000   2129.190       1487    1608   2598.1000     79.997   53.121
10959          2 -0.007921  4.445650e-03  0.002714   14722.7000  -47460.4000   2006.290       1495    1608   3345.6100     83.154  110.967
11066          2  0.087743  4.066420e-02  0.025691 -131336.0000  -62586.0000    539.315       1498    1608    625.4790     83.338   26.557
11088          2  0.019564  1.062810e-02  0.014979 -131409.0000  -62603.5000    537.639       1498    1608    625.4790     83.338   26.557
11101          2  0.058882  2.462710e-02  0.022560 -131208.0000  -62533.3000    542.469       1498    1608    625.4790     83.338   26.557
11111          2  0.002689  4.033760e-04  0.000980 -131366.0000  -62556.5000    538.987       1498    1608    625.4790     83.338   26.557
11206          2  0.000930 -2.202410e-03  0.012878   35025.7000 -102469.0000   1279.980       1518    1608    297.9920     77.619  112.916
11219          2 -0.169403  1.658560e-01  0.048245    1477.3000   -2195.9300   2199.450       1521    1608   2114.0300     71.651  137.108
11279          2 -0.043349  9.728330e-02  0.077673    4123.3400  -21920.0000   2160.970       1523    1608    483.4310     71.027  108.645
11390          2  0.049252 -3.748750e-02  0.039303  -13787.9000    7037.2100   2181.200       1526    1608   6490.9600     77.564  -34.667
11391          2  0.015327 -1.465630e-02  0.010780  -13715.8000    6970.9000   2181.430       1526    1608   6490.9600     77.564  -34.667
11478          2  0.000497  7.217860e-04  0.000624   12572.4000  -11705.3000   2176.850       1549    2412   1323.5700     71.784  143.461
11492          2 -0.129030  8.707180e-02  0.060207   12548.8000  -11686.4000   2176.930       1549    2412   1323.5700     71.784  143.461
11500          2 -0.038090  3.653070e-02  0.022391   12659.0000  -11724.0000   2176.650       1549    2412   1323.5700     71.784  143.461
11510          2 -0.106204  5.959880e-02  0.065176   12566.4000  -11708.5000   2176.860       1549    2412   1323.5700     71.784  143.461
11570          2 -0.017706 -1.336740e-02  0.010343    7691.3100    5214.7200   2193.230       1560    2412   6168.4500     79.528 -148.255
11617          2 -0.026963 -2.025900e-02  0.017527  -25508.8000  -17239.6000   2125.640       1560    2412   6168.4500     79.528 -148.255
11628          2 -0.003762 -1.718440e-03  0.002963  -25271.2000  -17157.3000   2126.810       1560    2412   6168.4500     79.528 -148.255
11659          2 -0.082937 -5.847400e-02  0.019547  -25544.3000  -17244.6000   2125.480       1560    2412   6168.4500     79.528 -148.255
11855          2  1.878990  1.486300e+00  0.914875  -14686.2000  -11040.4000   2173.520       1573    2412   5277.4600     74.091   36.845
11891          2  0.390424  2.939200e-01  0.162373   -3523.3500   -1568.2500   2198.830       1573    2412   5277.4600     74.091   36.845
11893          2  0.030651  1.499420e-02  0.010481   -3486.0600   -1561.0300   2198.860       1573    2412   5277.4600     74.091   36.845
11903          2  0.242415  1.885170e-01  0.104617   -3528.0500   -1572.6900   2198.830       1573    2412   5277.4600     74.091   36.845
11984          2  0.541198  1.472260e-01  0.166978   -8987.8600   -1191.6800   2193.550       1585    2412    638.6120     72.593   14.399
12024          2 -0.103032  6.862340e-02  0.092419   62563.3000  -93672.8000   1204.490       1588    2412    895.2600     80.072  129.262
12070          2  0.002799  3.394250e-03  0.012674   44120.6000 -110992.0000   1080.760       1600    2412     55.0083     83.565 -159.832
12083          2  0.000589  8.201670e-03  0.009757  -58623.6000  -39363.5000   1808.820       1609    2412   1580.8200     78.901   39.367
12091          2 -0.009290  1.380790e-01  0.033379   -8341.6200 -209911.0000  -1263.100       1612    2412   3024.4800     86.553   88.505
12102          2 -0.001149  7.062770e-03  0.005825   -8339.5300 -210161.0000  -1271.330       1612    2412   3024.4800     86.553   88.505
12151          2  0.002072  3.138720e-03  0.004546    2442.1600  -31466.8000   2121.850       1613    2412   1606.0400     72.359   94.443
12159          2  0.004544  2.337390e-02  0.014498    2579.7400  -31446.0000   2121.900       1613    2412   1606.0400     72.359   94.443
12208          2  0.026065  4.998810e-03  0.014303   -8930.1100   -6732.8500   2190.190       1619    2412   1396.0100     70.332   14.046
12278          2 -0.081837  1.394890e-02  0.022984    9525.0300   -6841.2800   2189.210       1643    2412    993.8280     76.414  170.630
12349          2 -0.004485  5.385840e-02  0.024014   10309.1000  -12845.6000   2178.720       1661    2412   1269.0400     70.037  105.927
12436          2 -0.003744 -5.003300e-04  0.001742   12826.7000  -27004.5000   2129.880       1684    2412   5051.6200     75.351  126.662
12496          2 -0.018915  5.413820e-02  0.005916   37552.9000 -113601.0000   1076.860       1688    2412    924.6470     82.150  111.008
12499          2 -0.029447  6.782680e-02  0.021906   37553.7000 -113626.0000   1076.410       1688    2412    924.6470     82.150  111.008
12502          2 -0.090067  1.995650e-01  0.072506   37559.4000 -113641.0000   1076.110       1688    2412    924.6470     82.150  111.008
12514          2 -0.027294  6.334030e-02  0.022254   37558.9000 -113634.0000   1076.230       1688    2412    924.6470     82.150  111.008
12519          2 -0.187063  4.278950e-01  0.147048   37558.4000 -113635.0000   1076.220       1688    2412    924.6470     82.150  111.008
12602          2  0.050446 -4.589040e-02  0.036326   -2715.8400    9675.7300   2192.080       1693    2412   3627.8000     71.895  -59.826
12633          2  0.015308  1.057830e-02  0.010418  -12448.0000  -13351.0000   2173.860       1694    2412    644.1920     73.243   47.312
12665          2 -0.032176  1.048270e-02  0.013270    2710.5600   -1779.3200   2199.180       1702    2412   2183.2200     72.908  163.527
12689          2 -0.000767  1.789200e-03  0.004240   -8477.0300    4003.7500   2193.110       1702    2412   2183.2200     72.908  163.527
12808          2 -0.280002  4.325290e-02  0.097835    3615.4500   -5041.6000   2196.980       1702    2412   2183.2200     72.908  163.527
12824          2 -0.259636  1.371080e-01  0.218715   55724.1000  -40739.9000   1826.180       1704    2412    309.0830     72.960  149.989
12868          2 -0.002473  2.476670e-03  0.007893  -14431.9000  -53708.4000   1957.360       1710    2412    328.6530     71.679   79.049
12885          2  0.002653  1.683480e-03  0.005980   -5233.8600   -4499.3200   2196.260       1715    2412    480.1900     73.131    9.733
12887          2 -0.050260  1.552830e-01  0.094041   -6488.4300  -35713.1000   2096.640       1716    2412    697.2830     72.501   92.142
12976          2  0.005007  2.855010e-02  0.020582  -89392.6000  -30323.8000   1500.930       1730    2412    210.0430     73.655   19.433
12979          2 -0.001694 -5.657410e-04  0.000698  -90982.0000  -32204.9000   1469.210       1730    2412    210.0430     73.655   19.433
13047          2  0.015057  1.384480e-02  0.010084   -4203.3100   -6228.7900   2195.570       1753    2412    935.1240     70.611   40.503
13134          2 -0.000968  3.398250e-01  0.134439   -4122.5600  -60888.7000   1907.810       1768    2412    917.2450     75.733   86.871
13222          2 -0.005977  1.506290e-02  0.006233    8816.5600  -36658.0000   2088.480       1786    2412   1571.7400     78.252  107.179
13241          2 -0.034676  6.552120e-02  0.034729    9307.9000  -42275.6000   2052.990       1786    2412   1571.7400     78.252  107.179
13250          2 -0.002038  3.574390e-03  0.004659    9293.3500  -42317.8000   2052.740       1786    2412   1571.7400     78.252  107.179
13263          2 -0.044750  9.008940e-02  0.026750    9301.9300  -42254.3000   2053.140       1786    2412   1571.7400     78.252  107.179
13271          2 -0.008939  7.849240e-03  0.045525  215444.0000 -207770.0000  -4831.730       1790    2412    107.1210     82.127  142.078
13284          2  0.018652  1.432660e-02  0.013412  -16977.6000  -22998.5000   2135.890       1791    2412   1122.6400     73.840   51.595
13290          2  0.034995 -3.116200e-02  0.037802 -131896.0000 -111136.0000   -134.134       1795    2412    175.3510     78.962   41.558
13351          2  0.017879  5.273200e-02  0.046026   15939.0000 -110621.0000   1220.000       1802    2412    430.0710     77.640  100.661
13412          2 -0.000641  5.906040e-03  0.023348   70412.3000 -207707.0000  -1574.550       1822    2412    199.4480     79.954  108.675
13439          2 -0.003348  6.474970e-04  0.006589   10015.6000   -4930.3400   2190.220       1833    2412    675.2880     74.461  160.965
13457          2  0.005378  1.159530e-02  0.005550   57635.5000    5812.7800   1936.750       1835    2412   1184.0900     74.208   11.853
13476          2  0.011241  4.568070e-03  0.003129   57474.9000    5751.4500   1938.250       1835    2412   1184.0900     74.208   11.853
13503          2  0.126234 -5.372880e-03  0.027519   57794.6000    5736.6800   1935.370       1835    2412   1184.0900     74.208   11.853

