Tabla para CorsikaId 14:
       CorsikaId        px        py        pz         x         y         z  shower_id  prm_id  prm_energy  prm_theta  prm_phi
3250          14 -0.184563 -0.135311  0.742574 -629138.0 -611564.0 -58481.30        444    1206     42.7918     71.129 -133.952
4524          14  0.211673  0.216370  0.346383 -149768.0 -169118.0  -1804.63        598    1608     64.8605     79.360   49.609
6629          14  0.255721  0.328681  0.781670    6145.4  -42150.2   2057.66        864    1608    475.7170     70.769   97.892
9984          14  0.523527  0.401887  0.364445  -64951.6  -31081.9   1793.24       1330    1608    167.6050     74.185   26.654
10515         14  0.306970 -0.202050  0.446928  -50617.8  -34006.1   1908.27       1432    1608    114.2950     72.460   31.251
11554         14  0.175809  0.396828  0.396874  -48057.3  -94590.6   1316.84       1558    2412     82.6422     70.948   66.192
12989         14 -0.188146  0.036428  0.245065   38336.3 -105764.0   1207.10       1733    2412    411.5980     78.249  119.163

