Tabla para CorsikaId 13:
       CorsikaId        px        py        pz           x             y            z  shower_id  prm_id  prm_energy  prm_theta  prm_phi
17            13 -0.192024  0.050090  0.533384  -62648.600 -1.556420e+05     -8.68380          4     703    17.76560     73.730   68.879
35            13 -0.087109 -0.238115  0.360443   41257.100 -2.291540e+05  -2054.47000          7     703    12.70430     76.362  107.523
39            13 -0.081454 -0.088383  0.391303   39484.600  9.269640e+03   2070.95000          9     703   171.30200     75.403 -144.923
52            13 -0.204731  0.227396  0.190622   40298.400 -4.145430e+04   1937.78000         17     703   101.56900     75.573  142.156
56            13  0.158995  0.024218  0.429082   28432.700 -8.313650e+04   1594.33000         20     703    27.60710     70.602  117.106
76            13 -0.160141  0.040916  0.537955   51161.800 -2.840900e+03   1994.02000         25     703   482.06000     72.566  175.880
84            13  0.166343  0.021992  0.417918   -4573.550  5.277280e+03   2196.17000         29     703   272.50800     70.384  -41.543
85            13  0.181360 -0.228939  0.176188  -20820.100 -1.405450e+05    616.18200         30     703    14.16880     71.036   88.653
116           13 -0.065874  0.055905  0.300934 -335705.000 -3.137310e+05 -14384.20000         40     703    14.40090     84.187   44.335
138           13 -0.368225  0.108723  0.625782  166875.000 -3.460590e+04    -78.96710         44     703    66.55690     83.300  168.755
145           13  0.017196  0.093257  0.427766   91533.200 -3.622880e+05  -8763.43000         49     703    14.64080     81.608  108.838
147           13 -0.109265 -0.196599  0.280796  233600.000 -5.230250e+05 -23593.50000         50     703   204.01800     89.172  115.653
153           13  0.004115  0.127069  0.298647   -5707.610 -5.648060e+04   1947.18000         53     703    55.58830     70.103   91.268
188           13 -0.091470  0.237568  0.526228  204530.000 -2.739950e+05  -6977.84000         61     703    15.14820     81.600  132.368
189           13  0.139169 -0.128173  0.247197  -80595.200 -4.504010e+04   1531.24000         62     703    89.16260     76.529   26.017
218           13  0.045380  0.283835  0.425128  153799.000 -3.657600e+05 -10162.70000         71     703     7.90217     79.652  117.907
415           13 -0.170388  0.199997  0.295395   53088.700 -8.438260e+04   1420.25000         83     703    29.46320     73.020  136.971
416           13  0.063164  0.342146  0.413259 -296239.000 -4.620840e+05 -21479.20000         84     703     9.56578     84.411   57.348
418           13 -0.284548 -0.086785  0.324238   27985.100 -1.720890e+05   -185.13000         86     703    15.90660     74.599  105.853
419           13  0.033207  0.380850  0.473534   28476.000 -1.698070e+05   -126.09700         86     703    15.90660     74.599  105.853
429           13 -0.048938  0.160104  0.466064  159257.000 -3.694860e+05 -10512.30000         88     703    12.29290     81.900  116.838
593           13  0.171157  0.067696  0.314413  -84588.100 -2.759370e+05  -4337.91000         98     703    25.86490     80.965   75.845
594           13 -0.298962  0.253110  0.254598   14766.600 -1.067350e+05   1289.10000         99     703    85.75760     76.221   98.411
629           13  0.251493  0.288384  0.237660  -70619.100 -3.290040e+04   1723.83000        104     703   121.36500     70.627   35.871
652           13  0.193156  0.253312  0.409737   93159.500  3.344510e+04   1431.36000        114     703   200.83700     81.208 -154.984
687           13 -0.112073 -0.113611  0.614033  -57021.000  1.394990e+04   1929.66000        121     703   311.49700     73.982   -7.423
726           13 -0.097638 -0.306737  0.402090  -59162.500 -2.065690e+05  -1423.12000        126     703    25.44050     78.019   78.239
727           13 -0.137694  0.176736  0.772284  -19853.300 -1.899110e+05   -660.93100        127     703    15.66540     73.665   87.021
732           13 -0.171488 -0.058025  0.501188  -95457.500 -1.724070e+05   -847.41000        131     703    66.04780     77.480   66.837
752           13  0.278927  0.199534  0.538874  -40296.900 -2.858750e+04   2008.49000        137     703   326.52000     76.710   37.710
819           13 -0.088557 -0.019302  0.421932   -3585.150 -2.566170e+05  -2969.18000        152     703    11.61180     76.301   93.252
824           13 -0.058220  0.126515  0.412091  -50634.400 -3.041150e+05  -5261.00000        155     703     7.91416     76.548   83.912
825           13 -0.240012 -0.252350  0.202103 -201969.000 -1.123760e+05  -1992.14000        156     703    10.14670     77.646   27.224
837           13 -0.296005  0.006314  0.319418  -31430.000 -2.134220e+04   2086.77000        160     703   792.32900     77.044   30.160
838           13 -0.041333  0.049053  0.330663  -87626.400 -9.338510e+04    913.36100        161     703    39.99040     75.471   47.329
846           13 -0.282685  0.126354  0.321915   78479.100 -2.038590e+05  -1544.52000        166     703     9.81278     74.841  119.847
847           13 -0.160436 -0.317581  0.435285   62311.500 -1.192740e+05    779.19400        167     703    55.53650     77.246  124.866
891           13  0.333944  0.051369  0.273414  -41623.000 -3.684020e+04   1957.61000        184     703   121.56100     73.024   43.440
896           13 -0.255249  0.529446  0.712457    2365.500 -1.539370e+05    340.29900        188     703    21.25380     74.549   96.942
898           13 -0.237783 -0.051374  0.318062  267424.000 -9.034450e+05 -67826.60000        190     703    10.50200     89.288  109.177
919           13  0.100160  0.017799  0.549357 -179633.000 -3.508140e+05  -9997.93000        198     703     8.99261     80.607   64.128
989           13 -0.223544  0.095738  0.468873 -415969.000 -3.326330e+05 -20093.20000        202     703    11.68040     84.879   39.753
991           13  0.045719  0.040845  0.665497 -132561.000 -1.196440e+05   -302.02200        204     703    12.46470     74.530   42.736
1109          13  0.046520 -0.190140  0.277530  -13396.100  8.016560e+03   2180.88000        214     703    35.19760     70.339  -17.599
1110          13 -0.164538  0.167439  0.238362  -13476.100  8.190770e+03   2180.49000        214     703    35.19760     70.339  -17.599
1168          13 -0.101171  0.189404  0.391514 -137161.000 -9.885670e+04    -42.93760        224     703    13.64940     74.324   38.208
1176          13 -0.009387  0.067547  0.310928 -259341.000 -1.794210e+04  -3103.81000        229     703    98.65020     85.474    4.433
1191          13  0.252042 -0.140581  0.378622    2420.380  3.798910e+03   2198.41000        236     703   356.60000     73.422  -93.330
1342          13  0.273473 -0.075236  0.348383  -68643.000 -1.777610e+05   -649.19500        250    1206    20.21430     71.805   68.191
1347          13 -0.399546 -0.109845  0.103273  -78705.500 -2.290290e+05  -2402.64000        254    1206    41.83210     79.420   75.045
1490          13  0.344704  0.037237  0.442422  -81609.000 -9.531340e+04    964.71500        258    1206    30.64110     71.922   48.637
1502          13  0.157298  0.193968  0.194679  -69115.400 -2.434260e+04   1778.75000        263    1206    80.53260     72.009   21.037
1549          13 -0.180100 -0.097020  0.384775  -85312.500 -6.524760e+04   1294.98000        269    1206    41.15400     70.175   36.255
1561          13  0.006253 -0.157103  0.306830   51981.600  1.959880e+04   1957.88000        273    1206   541.02200     78.554 -134.508
1563          13  0.177807  0.069451  0.434550 -204741.000 -3.305460e+05  -9671.01000        274    1206    37.06020     82.913   59.979
1578          13  0.050655  0.223364  0.476173   67856.700 -3.311790e+05  -6771.83000        280    1206    35.86180     81.308  105.017
1579          13 -0.055398 -0.259901  0.359080 -115724.000 -1.608510e+04   1129.02000        281    1206    48.30450     78.224    5.924
1587          13 -0.081160 -0.209588  0.496700 -364856.000 -3.346120e+05 -17055.90000        284    1206    29.43770     84.869   43.759
1594          13  0.030444  0.009981  0.369944  -32530.400 -2.668450e+05  -3471.64000        288    1206    19.71560     76.410   88.268
1601          13 -0.061810 -0.180368  0.624968  106382.000 -1.524550e+05   -511.77700        293    1206    17.05930     74.365  156.108
1608          13 -0.004261  0.110250  0.345493    1663.590 -6.821480e+04   1834.73000        298    1206   128.08800     72.213   99.291
1609          13 -0.030777 -0.000182  0.310257 -509889.000  3.533390e+05 -28062.10000        299    1206    20.17450     88.230  -32.803
1627          13  0.123445 -0.088245  0.417510  -20216.500 -5.022280e+05 -17650.60000        306    1206    39.44440     84.695   90.161
1636          13  0.103088  0.924333  0.782119 -327938.000 -6.041660e+05 -34980.60000        310    1206    70.03010     88.449   62.625
1641          13  0.002847  0.211705  0.410050  -30241.200  5.808230e+01   2128.25000        312    1206   161.58500     70.837    8.609
1671          13  0.441570  0.116569  0.832620  428384.000 -8.467810e+05 -68843.80000        317    1206    29.14930     89.885  118.882
1810          13  0.270273  0.172580  0.626629  -37478.600 -4.080330e+03   2088.50000        321    1206    46.55670     70.894    2.263
1847          13  0.111145 -0.252656  0.227593    7569.860 -3.667330e+05  -8364.20000        324    1206    30.34940     81.751   95.549
1850          13 -0.063122 -0.321040  0.279788 -274121.000 -1.440150e+05  -5326.41000        327    1206    20.39370     80.073   29.806
1851          13  0.171648  0.169931  0.479894  -12953.100 -1.854670e+05   -512.24200        328    1206    35.27520     75.399   89.922
2148          13  0.180364 -0.031679  0.591666 -108461.000 -4.380620e+04   1126.50000        335    1206    64.49200     76.407   22.063
2160          13 -0.187629  0.297870  0.887167   91426.100 -5.141660e+05 -19231.20000        339    1206    17.23220     83.497  103.976
2174          13 -0.270337  0.106701  0.381854   11336.700  4.965070e+02   2189.90000        342    1206   408.32700     72.594 -164.874
2175          13  0.056045 -0.035704  0.929333   56553.100 -1.725680e+05   -387.62600        343    1206    18.68900     72.208  120.164
2176          13  0.067700  0.356753  0.130688 -194287.000 -2.761440e+05  -6749.76000        344    1206    21.43270     80.281   55.927
2177          13  0.225039 -0.160855  0.235072 -194282.000 -2.761930e+05  -6751.73000        344    1206    21.43270     80.281   55.927
2191          13  0.319656  0.036844  0.415840  -43150.200 -1.165840e+05    987.54900        348    1206    29.42980     70.601   72.573
2216          13 -0.073153 -0.123602  0.610848   29291.300 -2.115600e+05  -1379.55000        354    1206    23.98280     74.642  101.601
2218          13 -0.120332 -0.228669  0.397788   68050.000 -1.535210e+05    -12.63070        356    1206    74.16560     76.502  120.335
2276          13 -0.082836 -0.228779  0.206006  146598.000 -3.790610e+05 -10771.40000        358    1206    77.34940     84.766  114.132
2278          13  0.230790 -0.087084  0.508419 -131265.000 -5.163690e+05 -20108.30000        360    1206    46.47050     85.460   76.586
2282          13  0.182903  0.115767  0.580820   13980.100 -1.109090e+05   1219.59000        362    1206   103.03200     74.731  100.256
2283          13 -0.271099 -0.145735  0.163068   -2283.380  2.179830e+04   2162.31000        363    1206   351.52600     74.522  -82.630
2284          13  0.099955 -0.065420  0.498083   65956.900 -5.046690e+04   1658.89000        364    1206    84.27800     74.347  158.568
2291          13  0.308764  0.117573  0.496220  -77080.700 -1.454210e+05     74.55000        366    1206    58.57800     77.004   62.327
2490          13  0.077678  0.266504  0.209329 -496134.000 -7.436320e+05 -60803.40000        371    1206    18.93620     88.956   56.971
2492          13  0.171613  0.103233  0.327789  -59427.400 -1.959460e+05  -1089.97000        373    1206    18.04180     73.254   75.523
2525          13 -0.226876  0.082803  0.282724  -29029.600 -7.894470e+05 -46947.40000        386    1206    85.56910     89.529   89.401
2527          13  0.234595  0.067104  0.219127  156372.000 -4.809910e+05 -17899.50000        388    1206    26.89350     84.607  111.940
2528          13  0.153297 -0.039649  0.393391 -195962.000 -4.370450e+05 -15822.50000        389    1206    32.71440     84.141   67.313
2529          13 -0.083507  0.225497  0.538554   23680.300 -5.186560e+05 -18982.40000        390    1206   102.05700     86.477   93.895
2801          13  0.177584 -0.149662  0.331460 -331059.000 -2.679100e+05 -12044.80000        401    1206    36.13890     84.004   39.504
2805          13  0.105572  0.016851  0.373706  133547.000 -1.053850e+05    -70.81090        405    1206    52.94590     77.235  152.189
2808          13 -0.056925  0.134902  0.494128  -47864.700 -9.033340e+04   1380.06000        407    1206    67.39010     72.853   61.634
2809          13  0.160680  0.328797  0.315802  105890.000 -1.061990e+06 -87792.80000        408    1206    13.06660     89.567   97.520
2984          13  0.112622  0.150356  0.399556 -120226.000 -3.421680e+05  -8127.11000        413    1206    35.76070     81.868   72.044
2985          13  0.065452  0.224695  0.408196   52794.000 -6.231570e+04   1676.68000        414    1206   177.19100     73.913  123.586
2992          13 -0.154247 -0.192136  0.207241    3616.560 -2.353610e+04   2155.52000        417    1206    89.86150     71.817 -130.326
2996          13 -0.203025  0.161500  0.335387   -5893.810 -5.675320e+04   1944.59000        420    1206   140.02800     70.592   84.049
3033          13  0.053222  0.410944  0.199722   16235.100 -7.688330e+05 -44362.70000        422    1206    30.31690     88.172   92.946
3168          13 -0.089259 -0.244033  0.824968    9712.400  8.256430e+03   2187.25000        428    1206   447.52100     70.818 -119.092
3170          13  0.210511 -0.102362  0.363029  -81257.200 -5.987820e+04   1400.69000        429    1206   124.98900     71.479   39.225
3219          13 -0.266742 -0.062554  0.280468   13130.300 -2.116600e+05  -1329.04000        435    1206    32.40060     76.359  100.975
3238          13  0.229627 -0.352057  0.904651 -190404.000 -1.016380e+05  -1455.52000        441    1206   127.09700     81.215   27.079
3260          13  0.218959 -0.078489  0.451152  -61555.100 -2.109240e+04   1867.84000        450    1206   154.42500     75.905   20.883
3262          13  0.101592 -0.055246  0.502326  -53709.200 -1.534660e+05    125.72100        452    1206    24.73890     77.314 -135.795
3267          13 -0.311708 -0.066571  0.213276  205873.000 -2.354600e+05  -5478.99000        454    1206    28.76720     81.176  139.850
3269          13 -0.070491  0.379440  0.252687  -12123.000 -5.585900e+04   1943.68000        455    1206    96.91550     70.313   85.541
3271          13 -0.000978  0.388799  0.879302  117624.000 -4.769530e+04    936.02700        457    1206    91.04580     77.874  165.142
3272          13  0.238347  0.417898  0.455293 -450486.000 -2.655690e+05 -19289.40000        458    1206    33.80410     85.951   31.522
3273          13 -0.141441  0.380737  0.305711  -31001.700 -2.630660e+05  -3306.79000        459    1206    17.20340     75.835   87.508
3274          13  0.065535  0.195896  0.305161 -286211.000 -1.200490e+05  -5361.40000        460    1206    20.91070     81.153   23.736
3302          13  0.068815 -0.037070  0.443552  -11685.400 -1.204550e+05   1050.93000        464    1206    86.18450     74.685   87.824
3309          13  0.110393 -0.148032  0.409338   65535.900 -3.376140e+05  -7085.64000        467    1206    70.14870     83.322  104.403
3315          13  0.122394  0.235164  0.208114  120167.000 -1.359720e+05   -383.74000        470    1206    50.77820     78.032  141.249
3510          13  0.020448 -0.401276  0.291804  308449.000 -7.644580e+05 -51334.30000        478    1206    29.91060     88.529  114.260
3516          13 -0.212321 -0.141533  0.290450  187699.000 -6.343760e+05 -32227.60000        484    1206    27.62810     86.350  109.293
3529          13 -0.011760 -0.121916  0.467126 -325406.000 -5.213980e+05 -27503.10000        492    1206    51.70130     86.983   60.298
3530          13 -0.144751 -0.034758  0.398754   71459.500 -5.744760e+03   1796.80000        493    1206   110.78900     74.348 -174.676
3533          13 -0.121909 -0.034815  0.287225  -73017.600 -5.342850e+04   1557.76000        496    1206    37.22930     70.636   41.380
3534          13 -0.040862  0.008607  0.366378  -81329.100 -2.505640e+05  -3246.46000        497    1206    13.96690     74.715   76.996
3624          13 -0.071490  0.222283  0.231155 -534189.000 -1.415640e+05 -21803.60000        504    1206    15.55770     85.541   16.014
3661          13 -0.068852 -0.026277  0.463114  -60216.200 -1.423630e+05    325.30900        513    1206    29.75840     72.211   70.458
3667          13  0.104089 -0.291499  0.400737   -5504.640 -3.246090e+04   2114.96000        516    1206   566.76900     74.387   81.257
3680          13  0.241651  0.099073  0.218448  -85425.600 -2.652080e+04   1572.30000        518    1206    30.76350     72.079   16.520
3768          13  0.174300  0.015366  0.272800   19684.400 -1.445040e+05    531.23700        521    1206    41.94300     73.551  104.279
3770          13  0.249138  0.231729  0.317630  -93038.300 -6.494380e+04   1189.97000        523    1206    37.40310     72.118   32.730
3772          13  0.202805 -0.136678  0.293657 -118290.000 -5.062210e+05 -19036.60000        525    1206    54.17930     86.010   77.690
3773          13  0.100981 -0.225371  0.319621 -444203.000 -4.604770e+04 -13465.00000        526    1206    15.56330     75.114  -44.676
3774          13 -0.164529  0.110489  0.444884   33686.100 -8.288010e+05 -52007.50000        527    1206    26.92830     88.534   94.154
3814          13  0.017993 -0.087916  0.431798   20111.800 -1.392420e+05    647.07800        533    1206    33.94330     72.251  102.371
3828          13  0.098076 -0.024739  0.411764  -63728.900 -4.727100e+04   1706.07000        537    1206   129.77400     73.278   31.383
3868          13  0.158966  0.200665  0.419074  -59253.100 -1.541550e+05     59.95710        544    1206    69.60840     77.343   72.852
3879          13 -0.328278 -0.097841  0.310609  244343.000 -4.385030e+05 -17599.20000        550    1206    19.14160     83.946  124.697
3900          13 -0.039692 -0.091880  0.481628   46181.400 -6.352040e+04   1716.14000        554    1608   165.09800     73.537  132.768
3911          13  0.033729 -0.315651  0.327304 -533964.000 -4.060010e+05 -33197.10000        557    1608    50.09200     87.669   37.971
4038          13  0.104677 -0.235921  0.247547   27513.500  1.279980e+04   2127.76000        563    1608   306.18700     76.122 -145.195
4046          13 -0.062553  0.058709  0.389748   -8800.960 -1.121870e+05   1206.48000        566    1608   151.11200     72.048   84.016
4047          13  0.500429  0.130820  0.256236 -353193.000 -1.926990e+05 -10512.00000        567    1608   117.25900     84.697   28.504
4138          13 -0.000763 -0.055073  0.427070  -10027.600 -1.349220e+05    763.86000        580    1608   167.91300     73.821   91.711
4163          13  0.176972  0.208575  0.391401 -173428.000 -5.482250e+04   -395.87300        585    1608    52.81520     78.261   21.466
4182          13 -0.278475  0.239864  0.238085  -31044.600 -1.460320e+05    451.19500        593    1608    62.00940     74.578   84.610
4525          13  0.015115  0.100701  0.302159  177774.000 -2.062140e+05  -3617.96000        599    1608    99.83660     80.204  129.496
4580          13 -0.072553  0.056626  0.416619   25126.300 -2.547310e+05  -2942.05000        610    1608   166.30000     80.266  103.627
4608          13 -0.316422  0.115804  0.378698 -131530.000 -2.696780e+05  -4866.47000        614    1608    26.24780     78.079   66.276
4609          13 -0.232683 -0.197388  0.444588  167028.000 -2.152850e+05  -3627.25000        615    1608    63.93510     80.959  136.508
4610          13 -0.291085  0.202648  0.546992   66792.200 -1.454040e+05    191.10300        616    1608    49.58060     73.772  122.705
4795          13 -0.386229  0.062068  0.211897  -76676.000 -6.020310e+05 -26760.50000        620    1608    44.61250     86.303   85.721
4801          13 -0.085335 -0.028273  0.468406  262263.000 -8.299710e+05 -57515.90000        624    1608    38.04850     88.997  109.665
4807          13  0.140148  0.207770  0.435663 -458877.000 -5.662790e+05 -39612.80000        628    1608    29.01530     87.453   51.483
4808          13  0.365647 -0.004442  0.298627  -18502.700 -2.108420e+05  -1315.26000        629    1608    44.49210     76.378   89.635
4809          13  0.175507  0.139106  0.388497   -3006.790 -1.606930e+05    173.22400        630    1608    57.11980     75.162   94.441
4810          13  0.031579  0.111257  0.532448  -75423.500 -6.355770e+04   1436.77000        631    1608    51.19070     70.700   39.628
4817          13  0.212743 -0.188791  0.412024   95725.900 -8.511000e+04    912.73500        634    1608   102.79600     76.916  143.861
4818          13 -0.190851 -0.125580  0.395134   36078.000 -2.461120e+04   2050.37000        635    1608   370.20900     70.114  148.169
4825          13 -0.159610  0.084905  0.394959   51896.900 -3.676940e+05  -8626.77000        638    1608    29.21010     80.805  102.263
4863          13 -0.003743  0.121468  0.327793   11287.100 -1.679520e+05    -23.29220        642    1608    34.22920     72.677   97.284
4866          13  0.203832 -0.210248  0.147961   64954.900 -1.169790e+05    795.33600        644    1608   102.05600     75.733  124.681
4867          13  0.382121  0.119532  0.334000  250232.000 -6.144260e+05 -32422.50000        645    1608   315.45400     88.823  112.078
4870          13 -0.095311  0.099327  0.323136   -6474.800 -1.745620e+05   -194.25100        647    1608    39.43820     73.187   90.093
4872          13  0.015381  0.386255  0.439852  -21308.900 -9.155330e+04   1506.78000        648    1608    98.77720     71.968   80.599
4877          13 -0.225687  0.289250  0.434713   -5694.810 -4.108780e+05 -11060.30000        650    1608   486.65200     85.680   92.296
4878          13  0.105311 -0.116375  0.382980  129529.000 -1.310230e+05   -463.50700        651    1608    22.59640     73.497  163.727
4937          13 -0.264201 -0.166485  0.416218 -135295.000 -8.574700e+05 -57193.20000        660    1608    33.41710     88.779   82.486
4941          13  0.196802 -0.237291  0.477406  -41853.800 -1.266920e+05    803.24400        662    1608   106.03500     75.047   73.550
4955          13  0.062616 -0.212818  0.442907 -132948.000 -1.494110e+05   -938.68100        668    1608    47.47000     77.203   49.895
4958          13  0.070477  0.417960  0.274233  -57968.400 -1.435010e+05    320.63100        671    1608    73.04820     76.237   70.997
4959          13  0.039697  0.181255  0.465167   92274.300 -1.415720e+05    -40.70320        672    1608    26.08560     72.724  136.452
4968          13 -0.207751 -0.034502  0.251630  -23534.900 -9.018170e+04   1518.50000        673    1608    77.61880     71.522   81.079
4977          13 -0.064007  0.114595  0.283580   43103.000 -1.979960e+05  -1021.97000        678    1608    99.80080     78.012  101.529
5016          13 -0.092197 -0.076157  0.292864  174838.000 -2.508800e+05  -5139.96000        681    1608    52.03110     80.968  130.421
5117          13 -0.197937 -0.055637  0.272854   -6774.790 -1.688970e+05    -41.87010        687    1608    49.81440     74.302   88.956
5134          13 -0.081009  0.110309  0.285414  118092.000 -2.255720e+05  -2887.79000        691    1608    33.83630     78.088  126.458
5223          13  0.022714 -0.240037  0.444055   54112.100 -5.577310e+04   1726.24000        694    1608   126.22400     71.295  146.708
5247          13  0.178519 -0.002955  0.267928  -81323.700 -2.766000e+05  -4324.14000        696    1608    40.77710     79.257   75.047
5251          13 -0.247401 -0.018687  0.357356  324047.000 -2.814720e+05 -12269.40000        699    1608   158.60100     86.258  142.344
5252          13 -0.062510  0.124755  0.317910   -9513.120 -9.618190e+04   1467.12000        700    1608   556.77600     76.755   87.379
5261          13  0.174593  0.254144  0.406512   38269.100  7.520010e+04   1641.45000        704    1608   120.80400     72.353  -90.746
5266          13  0.298163  0.158588  0.559237  -33409.300  5.339590e+03   2110.20000        709    1608   149.95300     73.985   -0.895
5344          13  0.170211  0.378987  0.219028 -261071.000 -4.292890e+05 -17635.30000        714    1608    28.29970     84.067   60.259
5357          13  0.058550 -0.114453  0.445906  -10799.600 -2.187470e+05  -1564.09000        718    1608    41.61320     75.925   90.981
5358          13 -0.177955  0.068143  0.268006    1103.490 -1.331640e+05    808.62600        719    1608    40.30530     70.154   94.284
5359          13 -0.077372 -0.310837  0.226069  -65246.200 -1.308850e+05    521.91200        720    1608    55.29760     73.355   66.241
5372          13 -0.126169  0.314829  0.416642  -50130.200 -9.300670e+04   1324.18000        723    1608   214.79900     75.002   70.269
5373          13  0.137506 -0.108957  0.327410  -18135.700 -1.015820e+05   1364.64000        724    1608    65.25240     71.114   84.084
5448          13 -0.014667  0.299221  0.177796  -85811.100 -1.444570e+05    -15.13130        732    1608    41.14500     74.284   60.767
5451          13  0.062282 -0.204107  0.457501 -167491.000  4.047980e+02     -1.15186        733    1608  1327.62000     82.426   -2.659
5480          13 -0.236021  0.366665  0.086310 -408398.000 -7.465000e+05 -54857.00000        735    1608    27.84740     88.502   63.143
5481          13  0.064302 -0.063872  0.411433 -443521.000 -2.747420e+05 -19189.40000        736    1608    28.60720     84.150   31.916
5500          13 -0.402053  0.054112  0.785505  340517.000 -8.384290e+04  -7455.16000        740    1608  1089.66000     88.660  169.121
5502          13 -0.059917  0.089571  0.426656  -54850.000 -8.161940e+05 -50515.10000        742    1608    23.70170     87.764   88.132
5504          13  0.147847 -0.402340  0.242761  -62704.000  1.407480e+04   1876.00000        744    1608   615.93000     74.954  -20.080
5507          13 -0.071460  0.278268  0.326852 -573294.000 -6.235400e+05 -54335.80000        746    1608    41.83800     89.349   48.351
5529          13 -0.178574 -0.248943  0.401430  -51196.500 -1.995730e+05  -1131.10000        751    1608    45.95300     76.055   79.423
5531          13 -0.295283 -0.165383  0.325357   41692.900 -1.387080e+05    554.05300        753    1608    41.29390     72.848  116.929
5553          13 -0.111771  0.044149  0.338968    -458.844 -1.198840e+05   1072.39000        757    1608    61.49880     72.383   93.659
5642          13 -0.069889  0.337539  0.243015   24532.200 -5.493260e+05 -21564.40000        768    1608   394.80100     88.127   91.979
5645          13  0.282123 -0.089998  0.339885  -86065.600 -1.010570e+05    817.58800        771    1608    29.94090     70.834   49.376
5646          13 -0.175967 -0.503416  0.239912    -463.854 -2.119540e+05  -1325.30000        772    1608    34.91920     75.548   97.057
5657          13  0.146329  0.121551  0.711016  450880.000 -2.237250e+05 -17706.00000        777    1608   162.94600     86.868  156.565
5658          13 -0.262449 -0.253322  0.257297  279436.000 -3.826200e+05 -15435.00000        778    1608   129.94100     86.278  129.099
5659          13  0.208462  0.184249  0.364105  113736.000 -1.470070e+05   -510.77300        779    1608   158.38000     80.207  129.030
5709          13  0.075303 -0.127757  0.324755   88423.200 -1.392730e+05     64.57560        785    1608   192.05400     79.702  127.797
5710          13  0.059780 -0.201296  0.301644 -133358.000 -1.639740e+05  -1305.44000        786    1608    21.71740     73.480   52.061
5711          13  0.135487 -0.222136  0.583061 -375145.000 -2.961360e+05 -15745.50000        787    1608    32.26870     84.578   38.677
5728          13  0.146792  0.091228  0.290638  -27618.200 -2.387240e+05  -2332.24000        795    1608   114.54800     81.127   86.153
5729          13 -0.164112 -0.144597  0.426651  154698.000 -3.424140e+04    230.29900        796    1608   137.68500     84.053 -178.533
5748          13  0.227594 -0.035845  0.301781  -98902.600 -1.184480e+05    331.70200        800    1608    43.32870     74.293   50.775
5749          13 -0.224926 -0.257282  0.274001 -299816.000 -1.275090e+05  -6132.76000        801    1608    80.07880     84.108   25.544
5844          13  0.305493  0.448633  0.807825   28979.300 -4.481290e+05 -13639.80000        804    1608    22.05480     81.494   97.087
5845          13  0.111306 -0.115135  0.962485   38641.000 -1.786350e+04   2057.83000        805    1608   523.90600     71.257  160.318
5847          13  0.007281 -0.185237  0.365195    7340.540 -1.777470e+05   -283.24600        806    1608    31.90100     73.095   98.325
5848          13 -0.165528  0.338760  0.361702   82060.000 -1.642260e+05   -444.62500        807    1608    36.91090     75.032  125.352
5883          13  0.047117 -0.233169  0.436661  -48477.400 -2.913610e+05  -4647.71000        811    1608    84.66080     81.261   81.350
5929          13 -0.008882  0.290778  0.149351 -136140.000 -3.934740e+04    624.35900        813    1608    59.57040     74.671   22.901
5930          13  0.090704 -0.224984  0.205914 -136099.000 -3.959690e+04    623.68900        813    1608    59.57040     74.671   22.901
6057          13  0.222791  0.172668  0.319519  -36098.500  1.440230e+04   2081.50000        819    1608   442.36600     73.176   -8.406
6058          13  0.262151  0.068863  0.526409  -36149.300  1.429800e+04   2081.45000        819    1608   442.36600     73.176   -8.406
6324          13 -0.112505 -0.085531  0.475500  -28204.300 -1.345660e+05    716.86400        830    1608    49.04990     71.853   82.663
6344          13 -0.092280 -0.248997  0.377684    9093.590  1.322210e+04   2179.80000        833    1608  6891.68000     71.760 -117.082
6528          13 -0.061237 -0.231400  0.389010   36086.300 -9.739590e+03   2090.40000        834    1608   148.49500     71.482 -172.920
6529          13 -0.349484 -0.127778  0.320322   35447.000 -9.526870e+03   2094.31000        834    1608   148.49500     71.482 -172.920
6565          13  0.211455 -0.135171  0.227412   43533.500 -3.865390e+04   1934.11000        836    1608    64.32610     70.553  171.651
6580          13  0.070462 -0.081284  0.430033 -155785.000 -1.123150e+05   -694.17500        845    1608   159.74500     81.076   37.577
6591          13  0.116856 -0.339288  0.262083    6826.860 -2.682340e+04   2139.90000        848    1608   130.41100     70.162  -86.272
6594          13 -0.157316  0.067169  0.517201 -290076.000 -5.914030e+05 -31930.80000        850    1608   109.10300     88.296   65.612
6601          13  0.243352  0.077650  0.334644 -253487.000 -2.866940e+05  -9299.29000        855    1608    95.09050     84.288   51.350
6602          13 -0.211379  0.151444  0.404793    6966.060 -1.425090e+05    602.77200        856    1608   289.35100     79.180   98.046
6604          13  0.408270  0.433676  1.019240 -145412.000 -2.060440e+05  -2791.26000        858    1608    68.67650     79.850   55.446
6608          13 -0.199970 -0.113632  0.452446 -381096.000 -1.490680e+05 -10950.40000        861    1608   104.62500     84.416   21.358
6626          13 -0.246605  0.180683  0.262515  -64166.500 -1.778200e+05   -604.19200        863    1608   330.37900     81.703   71.330
6669          13 -0.392094  0.089192  0.154554   21028.000 -1.493600e+05    414.97300        877    1608    28.51490     70.127  105.774
6813          13 -0.011638  0.148119  0.395506  -46858.200 -5.162120e+04   1818.69000        883    1608   153.53100     70.131   50.828
6815          13  0.154007 -0.031170  0.513665 -353135.000 -6.113120e+05 -37020.50000        885    1608   131.55600     88.991   60.555
6877          13 -0.203158 -0.144304  0.262406   -1044.040  3.689710e+04   2093.11000        889    1608  2069.77000     73.565  -94.729
6887          13  0.284482 -0.218542  0.428221  -37828.100 -2.016350e+05  -1102.62000        891    1608   102.42400     79.398   80.457
6890          13 -0.206501 -0.361753  0.211618   24884.200 -1.641580e+05     36.99490        893    1608    29.77200     71.711  108.043
6898          13 -0.055621  0.299530  0.443758 -102889.000 -1.981120e+05  -1710.71000        897    1608    46.74400     76.666   65.015
6923          13 -0.091106  0.090119  0.299243 -114901.000 -1.355950e+05   -278.57900        902    1608    92.89870     78.884   50.827
6929          13  0.190844  0.104356  0.270369  -70012.600 -1.650530e+04   1794.07000        906    1608    24.88680     70.642    7.784
6940          13  0.222163  0.007024  0.262456 -131781.000 -3.129800e+04    760.61400        910    1608    79.19670     77.348   14.559
6942          13  0.152759 -0.096307  0.349373   15722.500 -1.212270e+05   1027.61000        912    1608   186.52600     75.914   98.249
6973          13 -0.184433  0.062556  0.300799   50229.400 -1.009340e+05   1202.78000        916    1608    76.53360     73.969  130.992
7067          13  0.123294 -0.363759  0.370841  239294.000 -1.629750e+05  -4379.22000        919    1608    51.50400     81.078  152.514
7209          13 -0.071254  0.620438  0.260584 -305663.000 -3.573080e+05 -15168.80000        930    1608   455.95100     87.623   49.613
7214          13 -0.226230 -0.194401  0.349207  162396.000 -7.397330e+03    126.45000        934    1608  2334.43000     84.897 -179.907
7218          13 -0.204825  0.037690  0.608425  -63624.100 -3.707740e+05  -8912.01000        938    1608    23.93440     80.010   83.196
7228          13  0.063252  0.420420  0.187064  -88738.400 -4.798350e+05 -16507.60000        945    1608   106.89200     86.116   81.678
7231          13 -0.119809  0.018531  0.413196   31372.800 -1.409140e+05    564.82200        947    1608    50.39100     73.477  111.009
7232          13  0.003502 -0.273332  0.152571    1246.070 -1.292030e+05    890.14800        948    1608   130.44500     76.471   98.270
7289          13 -0.036666 -0.042181  0.305749 -231772.000 -5.503370e+05 -25835.90000        950    1608    20.13750     82.469   68.275
7290          13 -0.119898  0.469827  0.315454  141017.000 -4.955130e+05 -18656.10000        951    1608    53.74780     85.277  108.372
7343          13 -0.199149  0.171222  0.436622   50737.000 -9.348070e+04   1312.45000        956    1608    60.60330     71.679  130.170
7368          13 -0.254463 -0.066248  0.315050 -115571.000 -1.437840e+05   -470.23500        967    1608   121.28600     78.239   55.538
7369          13 -0.116787  0.046329  0.571889   24178.100 -6.505330e+05 -31132.30000        968    1608   297.08400     89.247   93.461
7395          13  0.127392 -0.233085  0.191047 -103563.000  3.563400e+04   1258.92000        972    1608    37.59380     78.833   -2.480
7396          13 -0.175673 -0.138089  0.244207  402490.000 -3.991770e+05 -23059.10000        973    1608    41.91400     86.230  140.793
7449          13 -0.289871 -0.086538  0.392502 -165045.000 -4.862620e+05 -18520.10000        979    1608    62.09960     85.334   72.374
7450          13  0.018685  0.311085  0.643974   47554.900 -7.561330e+04   1574.03000        980    1608   740.10700     78.039  122.918
7634          13  0.045674 -0.024812  0.375494  -15699.500 -2.097610e+05  -1272.04000        983    1608    47.91040     76.059   87.820
7635          13  0.012683 -0.234749  0.231240  437768.000 -2.616460e+04 -12905.70000        984    1608   103.72700     86.849 -178.494
7709          13 -0.220155 -0.169480  0.235035  -50186.900 -1.414960e+05    431.51400        986    1608   443.39200     80.242   71.627
7716          13 -0.006791  0.130700  0.319069   10574.900 -4.261970e+03   2189.80000        988    1608   358.50000     72.002 -130.939
7731          13  0.040461  0.118188  0.326356  -39132.000 -1.752460e+05   -329.90800        996    1608   161.05100     79.584   81.385
7808          13  0.234171  0.186694  0.229260  -21281.100 -1.303200e+04   2151.15000       1000    1608  1835.41000     70.243   28.290
7825          13  0.170547 -0.153046  0.490270   -6702.930  2.576110e+04   2144.41000       1003    1608  1887.28000     70.908  -72.826
7902          13  0.268390 -0.127632  0.308581  -45595.800 -4.709480e+04   1862.90000       1006    1608   171.89800     71.317   49.699
7910          13 -0.200526 -0.389249  0.174263   61326.200 -2.937620e+05  -4868.88000       1008    1608    40.92120     79.616  105.760
7930          13 -0.294257 -0.160577  0.584529   48711.500 -6.192730e+04   1712.98000       1011    1608    47.03700     71.123  154.232
7931          13  0.007377 -0.274959  0.373273    7419.440 -4.609440e+03   2194.01000       1012    1608   634.43000     72.652  -77.421
7944          13 -0.214760  0.130731  0.435401  173552.000 -4.966660e+05 -19551.80000       1017    1608   207.12000     87.724  110.775
7945          13 -0.343572  0.158849  0.146741 -132458.000 -4.765060e+05 -17018.00000       1018    1608    30.79060     83.724   78.000
7946          13 -0.080276 -0.268780  0.361397   19711.500 -7.750520e+04   1698.25000       1019    1608   245.49600     72.854  109.326
7957          13  0.013153  0.119787  0.439864  130228.000  5.696710e+03    866.86300       1024    1608    97.29020     78.203 -157.760
8126          13  0.277390 -0.303743  0.280896  -64629.100 -3.005560e+04   1801.44000       1030    1608    43.19540     70.066   15.241
8169          13  0.360087  0.723271  1.094130 -396916.000 -6.266710e+05 -41114.90000       1032    1608    28.58330     87.384   58.802
8170          13  0.296995 -0.175642  0.199397 -251159.000 -3.079670e+05 -10201.20000       1033    1608    30.69370     82.235   51.987
8171          13  0.313100  0.158391  0.391618 -107220.000 -7.564960e+04    849.02700       1034    1608    35.59000     71.095   36.975
8172          13  0.188178  0.109121  0.288062  -88173.300 -1.137040e+05    575.63400       1035    1608    27.42280     71.207   55.454
8269          13 -0.205890 -0.102842  0.337870   88319.400 -8.013110e+04   1084.24000       1038    1608    39.15530     74.499  157.303
8274          13 -0.022223  0.365516  0.907180 -117410.000 -6.762850e+05 -34869.10000       1040    1608    93.21670     88.208   81.801
8277          13 -0.191054 -0.034282  0.269175 -226074.000 -2.452760e+05  -6535.04000       1042    1608    60.08090     82.345   50.298
8283          13 -0.032988 -0.173005  0.260002  -48859.800  1.495660e+04   1995.17000       1044    1608    43.52910     75.730  -10.223
8284          13 -0.147298 -0.028895  0.401832  -71853.200 -5.533600e+04   1554.72000       1045    1608    71.60980     71.860   38.919
8294          13  0.250976 -0.064047  0.414971   58933.300 -5.725970e+04   1670.30000       1050    1608   225.86900     76.915  140.103
8364          13 -0.000034  0.014130  0.452955   61731.500 -3.033230e+04   1828.86000       1058    1608   182.29200     71.867 -179.442
8369          13 -0.315244 -0.039986  0.401024  -54626.900 -4.320860e+04   1819.42000       1060    1608   159.95700     71.549   46.254
8370          13  0.150242 -0.020492  0.520017  -41077.700 -2.013740e+05  -1114.49000       1061    1608    44.84190     76.411   80.660
8372          13  0.058015  0.054512  0.304828  -70584.400 -1.716270e+05   -502.21400       1063    1608   118.25400     78.701   71.664
8373          13  0.086055 -0.106450  0.431643 -391224.000 -4.530470e+05 -25971.40000       1064    1608    69.52770     87.033   49.818
8390          13 -0.164158  0.317683  0.299972     965.496 -1.330140e+05    811.78100       1066    1608    37.58030     70.760   98.116
8399          13 -0.112338  0.510752  0.441435  -10562.200 -6.750560e+04   1833.74000       1072    1608   177.51700     73.030   90.228
8500          13 -0.147263  0.022018  0.412642   15424.500 -1.334000e+04   2167.38000       1074    1608  2259.39000     70.923  146.396
8510          13 -0.093267 -0.216502  0.361676  103648.000 -4.081420e+05 -11726.20000       1076    1608    39.22320     82.806  108.302
8511          13  0.199946 -0.073544  0.420000  -79078.100 -7.537750e+04   1263.63000       1077    1608    98.16400     70.265   51.200
8515          13  0.226209  0.150634  0.410865 -126296.000 -9.818580e+04    192.07400       1081    1608    37.87020     74.786   36.794
8517          13  0.200851 -0.095211  0.420399 -245577.000 -4.584780e+05 -19056.80000       1083    1608   140.02800     87.083   61.756
8537          13  0.108375  0.207768  0.400041 -103623.000 -6.308620e+05 -29945.40000       1086    1608    44.72320     86.671   82.535
8538          13  0.056454 -0.269981  0.629964   11827.200 -6.680710e+03   2185.52000       1087    1608   228.26300     70.104  -99.267
8539          13 -0.320219  0.203834  0.477822   14830.800  5.632540e+04   1933.85000       1088    1608   203.26800     70.615 -114.385
8541          13 -0.629266  0.041937  0.868101   93440.500 -2.133760e+05  -2058.15000       1090    1608    29.52780     76.551  123.797
8683          13  0.092485 -0.222829  0.511390    5368.300 -3.108730e+05  -5388.29000       1096    1608    31.65740     79.040   94.929
8690          13  0.113078  0.176903  0.602300  -99403.700 -1.142090e+05    401.29900       1098    1608    31.24180     71.662   48.246
8692          13 -0.100215  0.211972  0.634403 -121943.000 -2.751830e+05  -4911.15000       1100    1608    38.31870     79.556   68.126
8720          13  0.033697  0.030227  0.481640 -137088.000 -2.907980e+05  -5913.43000       1105    1608   164.53800     82.949   67.859
8728          13  0.196744 -0.221006  0.246027  295186.000 -5.965750e+05 -32651.40000       1110    1608    36.74260     86.846  119.430
8730          13 -0.106334  0.353969  0.148519   62776.600 -9.544820e+04   1176.05000       1112    1608    57.21690     72.919  132.115
8736          13 -0.215165 -0.068248  0.398684  136408.000 -3.972870e+04    616.26300       1118    1608   203.66300     80.926  171.300
8744          13  0.225964  0.219197  0.163810   41056.200 -1.613400e+05     25.31110       1123    1608    37.82540     73.508  110.197
8745          13  0.306099 -0.196376  0.416490   31674.500 -2.632460e+05  -3317.53000       1124    1608   319.33300     83.762   98.271
8781          13 -0.143771  0.063328  0.403750 -183101.000 -2.629540e+05  -5859.58000       1128    1608    79.40660     82.120   56.766
8783          13  0.160539  0.235066  0.330408  -52563.100  1.367640e+04   1968.58000       1130    1608    97.19680     76.579   -3.240
8784          13  0.250058  0.123067  0.382131  -48390.500 -1.987850e+04   1985.30000       1131    1608   175.63400     70.480   19.291
8785          13  0.043952  0.140106  0.512582   69184.300 -5.408500e+04   1594.99000       1132    1608   384.47300     76.760  146.286
8875          13  0.092754  0.057001  0.350413  -87918.000 -1.718600e+05   -724.12300       1138    1608    22.36990     72.812   63.897
8952          13 -0.290340  0.097527  0.542171   32356.100 -6.227520e+04   1813.61000       1141    1608   224.33100     74.427  125.679
8955          13 -0.123491  0.425234  0.868165  -15594.600 -1.280330e+05    894.80100       1144    1608    42.53210     70.056   87.448
8960          13 -0.215873  0.176476  0.282700  -76428.900 -3.681390e+05  -8899.92000       1148    1608   106.76000     83.693   81.459
8962          13  0.134564 -0.029843  0.441873 -269911.000 -2.580150e+05  -8747.16000       1150    1608    96.52120     84.479   44.779
8964          13 -0.049470 -0.014596  0.323993   57734.300 -1.197430e+05    813.51000       1152    1608    70.19060     75.075  124.045
8968          13 -0.209826  0.307308  0.184226   35209.700 -2.878620e+05  -4401.35000       1156    1608    77.63710     81.488  100.835
9014          13  0.048885  0.136191  0.332607  -18238.000 -1.113890e+05   1200.46000       1168    1608    76.66920     72.469   88.842
9015          13 -0.054376 -0.242375  0.241113  114862.000 -1.335030e+05   -233.69200       1169    1608    42.26550     77.087  145.985
9016          13  0.114703  0.224716  0.244314  115073.000 -1.330500e+05   -228.02500       1169    1608    42.26550     77.087  145.985
9025          13  0.155659  0.243931  0.410181  -51708.300 -2.365020e+04   1946.36000       1175    1608   256.85200     70.637   25.537
9036          13 -0.526687  0.199315  0.769331   53875.700  2.959270e+04   1903.59000       1180    1608   459.29400     75.736 -150.543
9049          13 -0.266916 -0.003095  0.383297   88595.700 -6.120260e+05 -27872.00000       1188    1608   125.57900     87.875   99.943
9050          13 -0.262189  0.098513  0.173148   49207.800 -7.059750e+04   1619.02000       1189    1608   202.99800     73.517  133.363
9051          13 -0.238464  0.078613  0.224304 -165194.000 -2.622620e+04      4.84553       1190    1608    56.83190     79.262    8.674
9055          13 -0.209410  1.759850  1.761570   16895.900 -1.142340e+05   1153.80000       1192    1608    60.03190     71.397  101.942
9059          13 -0.169876  0.313224  0.229855 -421711.000 -8.134020e+05 -63999.40000       1195    1608    43.89110     89.741   63.727
9060          13  0.167722  0.075161  0.473319    8555.750 -1.432530e+05    584.15700       1196    1608   101.68000     76.084   96.834
9124          13 -0.167292 -0.004444  0.311407   43345.400 -3.964550e+05 -10290.10000       1199    1608    24.37890     80.735  100.504
9126          13 -0.010324  0.039232  0.567844  116887.000 -4.390040e+04    976.87600       1200    1608   511.09100     80.973  164.516
9127          13 -0.154017  0.372174  0.173363   23558.300 -1.741200e+05   -222.41600       1201    1608    79.16980     77.373  102.127
9174          13  0.411406  0.796401  0.822867 -161194.000 -4.644970e+05 -16792.80000       1206    1608    51.88150     84.869   72.405
9175          13 -0.296845 -0.058788  0.146603  101278.000 -3.262150e+05  -6959.56000       1207    1608   227.66300     84.481  108.783
9194          13  0.403193  0.067298  0.181145   61192.700 -7.466690e+04   1468.83000       1211    1608   123.59700     72.125  137.013
9201          13  0.044237 -0.172894  0.451637 -293402.000 -9.499220e+04  -5265.60000       1216    1608    23.42210     81.001   18.169
9224          13  0.052083  0.256634  0.279931   62054.000 -1.926400e+05  -1014.16000       1219    1608    62.16340     77.856  114.099
9226          13  0.026707  0.264701  0.340263   37278.500 -1.459230e+04   2074.27000       1221    1608   291.71400     70.434  161.909
9228          13  0.218024 -0.046101  0.480386  -30139.000 -1.276510e+05    850.27700       1223    1608   189.49900     76.103   79.181
9229          13 -0.355723 -0.002841  0.482400   63976.200 -6.087180e+04   1588.20000       1224    1608    86.37590     74.832  156.395
9244          13 -0.069874  0.101697  0.415991  341128.000 -2.228460e+05 -10838.20000       1231    1608   186.38700     86.486  149.234
9247          13  0.042473  0.082091  0.584674  -67152.200 -8.324580e+04   1302.53000       1234    1608    77.08980     73.964   50.036
9301          13  0.095666  0.311257  0.610495  118656.000 -3.782390e+05 -10139.80000       1238    1608    62.93570     83.459  110.464
9307          13 -0.130634 -0.062683  0.552225 -336332.000 -4.026200e+05 -19427.80000       1240    1608    88.19700     86.172   52.889
9311          13  0.188323 -0.227284  0.344744  -87566.800 -3.778110e+05  -9610.51000       1242    1608    17.60650     78.798   78.848
9313          13 -0.298268 -0.164580  0.438493   70686.600 -3.485080e+04   1712.72000       1244    1608   160.38100     74.253  164.810
9331          13 -0.257108  0.007380  0.577994   54381.100 -3.166120e+04   1889.35000       1252    1608    29.98180     76.665 -131.350
9333          13  0.243702  0.011650  0.229145   91473.900 -1.927880e+05  -1373.18000       1254    1608    51.18950     76.965  121.024
9336          13  0.113005 -0.182343  0.674273   -5952.640  3.428740e+04   2104.99000       1257    1608   539.06600     71.345  -71.884
9338          13 -0.071048  0.042854  0.325559  201846.000 -3.590540e+05 -11123.80000       1259    1608    73.07940     84.310  123.983
9365          13  0.158865  0.044325  0.655040   73924.000 -2.819840e+05  -4470.10000       1263    1608    63.14910     80.463  107.894
9390          13 -0.329654 -0.214522  0.476609  -37063.300 -8.703060e+04   1497.99000       1266    1608    89.94870     70.386   81.337
9437          13  0.107690  0.310355  0.388490 -201288.000 -2.291330e+04  -1020.54000       1275    1608    67.29560     80.612   10.710
9440          13  0.375363  0.058166  0.315118 -298240.000 -1.332650e+05  -6176.61000       1278    1608    36.74470     82.688   24.335
9441          13 -0.069650  0.337218  0.423423 -105130.000  3.511740e+04   1236.13000       1279    1608    89.14810     80.105   -5.182
9453          13  0.130775  0.298275  0.336953 -248524.000 -8.014240e+05 -53273.40000       1281    1608    34.01610     88.583   74.269
9468          13  0.206053  0.199221  0.379234  -98378.600 -2.673860e+05  -4171.22000       1283    1608    80.11510     81.610   70.512
9846          13 -0.139052 -0.005130  0.416099  512501.000 -6.520400e+05 -51989.00000       1293    1608    49.26540     89.153  131.461
9847          13 -0.344760 -0.010263  0.182092   -2147.440 -2.956540e+04   2131.06000       1294    1608   159.91200     72.312 -116.638
9848          13  0.140620 -0.007384  0.635655 -170905.000 -3.715240e+05 -10933.30000       1295    1608    34.38650     82.278   67.280
9859          13  0.157657  0.071197  0.282475  -86955.700 -1.675480e+05   -596.07100       1303    1608    26.46450     73.217   65.383
9860          13 -0.211999  0.144710  0.204240  -69482.000 -2.208660e+04   1782.98000       1304    1608   207.17000     73.817   23.262
9861          13  0.270566 -0.126541  0.188352  -68587.900 -2.218830e+04   1792.31000       1304    1608   207.17000     73.817   23.262
9862          13 -0.196942  0.000348  0.272352  -24777.600 -3.301810e+05  -6406.53000       1305    1608    42.83170     80.729   89.970
9872          13  0.006578  0.176989  0.496742 -592965.000 -3.770870e+05 -36657.00000       1313    1608    20.06330     86.638   33.141
9953          13 -0.284215  0.297445  1.553750  -38496.900 -2.811210e+05  -4119.20000       1319    1608    46.53390     79.309   85.678
9955          13 -0.020699  0.198850  0.343178  -63050.600 -6.084460e+04   1597.68000       1321    1608    84.22030     71.201   39.643
9957          13 -0.085861  0.111510  0.284239 -321915.000 -7.559830e+05 -50986.40000       1323    1608    52.86590     88.676   65.038
9980          13 -0.185298  0.212087  0.335576   87306.900 -7.686480e+04   1138.43000       1326    1608    51.05070     74.124  156.464
9998          13 -0.148030 -0.034414  0.392281   68762.400 -1.013030e+05   1023.89000       1336    1608   258.29200     76.634  126.353
10000         13  0.342506  0.106924  0.496997  -81388.800 -8.430100e+04   1122.73000       1337    1608    35.37960     71.345   46.683
10031         13 -0.018956 -0.251703  0.525438  -24329.400  5.710950e+04   1897.69000       1344    1608   547.79900     80.887  -68.918
10035         13 -0.081057 -0.004323  0.330242 -120024.000 -1.758070e+05  -1355.85000       1347    1608    28.00360     75.137   57.044
10074         13 -0.099254 -0.042050  0.454875 -346434.000 -8.167640e+05 -59851.40000       1353    1608   101.34500     89.958   67.205
10075         13  0.135579 -0.266240  0.100708  -23996.800 -1.708770e+05   -136.25300       1354    1608   170.65600     78.027   79.729
10110         13  0.174732  0.358625  0.229065 -536499.000 -4.856120e+05 -39013.40000       1357    1608    30.95110     87.620   43.045
10112         13 -0.124408 -0.109621  0.339385  -42768.100  9.006410e+04   1420.11000       1359    1608   425.53700     71.931  -68.705
10113         13 -0.376687 -0.034128  0.216196   59184.400 -8.673830e+04   1334.93000       1360    1608    29.08540     71.189  141.899
10132         13 -0.208007 -0.051201  0.436025  320561.000 -7.064000e+04  -6258.52000       1363    1608   373.58700     86.970  167.708
10134         13  0.040168  0.547267  0.317196 -143689.000 -1.406990e+05   -973.50400       1365    1608    37.90840     76.472   48.148
10140         13 -0.223145  0.044166  0.273291 -324699.000 -6.987510e+04  -6459.81000       1367    1608    28.08510     81.824   11.589
10156         13  0.110443 -0.265388  0.393950   -5781.490 -6.593300e+04   1856.34000       1374    1608   620.54200     74.989   99.241
10203         13  0.376344  0.488820  0.537636  -43429.000 -6.863600e+04   1682.45000       1382    1608   100.90100     71.841   58.149
10208         13  0.100007  0.219441  0.195833 -179389.000 -1.183380e+05  -1424.16000       1384    1608    55.88680     78.945   36.459
10251         13 -0.100471  0.248983  0.532133 -102066.000 -1.648870e+05   -750.78900       1389    1608   109.42700     78.497   63.526
10295         13 -0.074591 -0.017406  0.625973 -109903.000 -8.553380e+04    678.30700       1392    1608   171.90600     79.376   39.274
10296         13  0.002021  0.038888  0.530696  -22472.100 -1.276280e+05    882.38400       1393    1608    58.27860     72.224   84.061
10299         13  0.109673 -0.072222  0.283181 -247419.000 -5.459940e+05 -26051.60000       1395    1608    37.55320     85.846   67.344
10303         13 -0.083069 -0.300221  0.365739  -34564.600 -3.690350e+05  -8586.64000       1397    1608    73.69270     82.418   89.372
10372         13  0.025959 -0.129218  0.476388  -17089.100 -5.421500e+04   1946.50000       1400    1608   162.47700     73.735 -130.510
10373         13 -0.246204 -0.113866  0.175870 -370678.000 -5.021530e+05 -28434.40000       1401    1608    85.26490     87.307   52.939
10382         13  0.099339 -0.079077  0.483989  -98446.900 -4.950160e+04   1247.38000       1407    1608    51.36180     70.491   32.291
10434         13 -0.148003  0.076654  0.543507   51298.900 -5.683210e+05 -23396.20000       1415    1608    25.52190     84.528   98.170
10487         13  0.045971  0.184307  0.343693  -81894.100 -7.775290e+04   1199.52000       1425    1608   318.20600     79.050   44.362
10503         13 -0.187452 -0.140447  0.227206  -43306.400 -2.010720e+05  -1119.71000       1429    1608    62.43040     77.237   82.131
10514         13  0.118263 -0.019341  0.364919  -50639.700 -3.395900e+04   1908.35000       1432    1608   114.29500     72.460   31.251
10516         13 -0.286572  0.219987  0.406707  -54407.500 -1.147940e+05    933.85900       1433    1608    87.44730     74.184   66.410
10519         13 -0.029972 -0.482973  0.745391  318384.000 -7.070620e+04  -6149.98000       1435    1608    40.06260     81.096  -26.516
10527         13  0.090143 -0.064023  0.369325  -47882.400 -2.086500e+04   1985.98000       1439    1608   203.94400     71.930   19.307
10528         13  0.058066 -0.166764  0.342789  -47859.400 -2.125930e+04   1984.85000       1439    1608   203.94400     71.930   19.307
10529         13  0.049413  0.305618  0.243703  -42173.900 -6.194780e+04   1759.40000       1440    1608   410.50300     74.559   56.781
10539         13  0.076304  0.040673  0.358802  129019.000 -2.805810e+04    832.23300       1447    1608    26.22300     74.056  -31.497
10543         13  0.212916 -0.154953  0.260625   57334.900 -2.360940e+05  -2432.38000       1451    1608    73.66810     79.614  107.642
10591         13 -0.205362 -0.116592  0.225846  -79645.100 -6.576600e+04   1363.00000       1456    1608    70.07660     70.925   38.778
10752         13  0.234415 -0.115382  0.371330   61831.500 -2.083600e+04   1866.01000       1459    1608   346.59600     71.011  171.380
10753         13  0.188732  0.042450  0.387420   40024.700 -1.366910e+03   2074.18000       1460    1608    31.07590     77.699  -52.526
10767         13 -0.077202 -0.064597  0.419591 -442859.000 -2.899380e+05 -19818.70000       1466    1608    57.90290     86.300   34.167
10768         13  0.362025  0.170037  0.806852 -144874.000  1.719420e+05  -1767.07000       1467    1608    72.58070     89.229   -7.882
10769         13 -0.044284  0.153393  0.476815  -70471.900 -1.037940e+05    965.11800       1468    1608    86.62220     74.780   61.416
10772         13 -0.047548  0.032825  0.402148  117155.000 -1.271180e+05   -144.84400       1471    1608   114.75600     78.811  133.271
10794         13  0.493373  0.520641  1.124280  -36148.900  9.853610e+03   2089.87000       1474    1608   145.05100     72.861   -6.210
10796         13  0.305085 -0.168978  0.196293 -283124.000 -1.359320e+05  -5542.73000       1476    1608    45.45520     82.113   26.825
10822         13  0.350361 -0.103855  0.231638 -103967.000 -3.790080e+04   1239.27000       1480    1608    23.96610     70.468   16.979
10942         13  0.219121  0.107486  0.455150   94643.000 -1.518100e+05   -311.16500       1494    1608    26.69970     73.751  136.516
11152         13 -0.039764  0.229010  0.288889   32993.200 -1.047410e+05   1253.89000       1502    1608    78.10520     73.566  108.971
11194         13 -0.165432  0.280287  0.269050   21357.700 -6.278970e+04   1854.91000       1513    1608   181.05900     71.707  121.791
11195         13 -0.222874  0.198610  0.149782    3713.090 -4.484330e+05 -13596.30000       1514    1608    73.48340     84.618   93.296
11198         13 -0.020924  0.101271  0.635232   54771.100 -5.070940e+04   1762.92000       1516    1608   248.11200     74.605  142.522
11208         13  0.288518 -0.133897  0.196493   63044.800 -1.021830e+05   1068.97000       1519    1608    34.39650     70.164  137.836
11209         13  0.082302  0.012095  0.432781   62733.500 -1.021630e+05   1072.36000       1519    1608    34.39650     70.164  137.836
11252         13  0.016139  0.027937  0.477506  -28539.300 -5.181410e+05 -18960.40000       1522    1608   181.36100     86.488   89.952
11265         13 -0.015281  0.309640  0.201318    7806.030 -2.747080e+04   2136.02000       1523    1608   483.43100     71.027  108.645
11421         13 -0.108517  0.285428  0.397096 -120822.000 -1.161390e+05     -3.72958       1528    1608    40.34460     74.483   45.935
11430         13 -0.013347 -0.065336  0.457630 -442245.000 -1.675170e+05 -15368.90000       1531    1608   111.90500     87.289   22.076
11432         13  0.263098 -0.133412  0.384768 -131406.000 -1.124230e+05   -146.58500       1533    1608    29.86020     73.136   39.882
11433         13  0.163887  0.199188  0.227402  277598.000 -7.216450e+05 -44873.60000       1534    1608    60.72520     88.635  113.370
11466         13  0.208379  0.017886  0.325294    9078.250 -5.459450e+04   1959.71000       1546    2412   463.61300     72.089   97.844
11528         13  0.902482  0.279855  0.590443  -35494.000  1.245090e+04   2089.00000       1553    2412   777.57100     73.544  -11.657
11553         13  0.172928 -0.152514  0.210250 -144185.000 -5.027930e+05 -19299.30000       1557    2412    36.20390     83.703   76.328
11774         13 -0.178223  0.282730  0.408704   13482.700 -8.345460e+04   1639.34000       1565    2412   106.47400     70.142  110.501
11796         13 -0.226608  0.151143  0.490620  181300.000 -1.608320e+05  -2409.55000       1568    2412    77.12310     79.868  148.870
11797         13 -0.176287 -0.279821  0.205027  193183.000 -1.529310e+05  -2564.26000       1569    2412    44.84070     79.968  166.568
11798         13 -0.050124  0.005610  0.354902 -110900.000 -6.062260e+05 -27665.90000       1570    2412    60.85010     86.188   82.166
11924         13  0.064752  0.028796  0.344407   20608.400 -2.269960e+05  -1876.90000       1574    2412    55.24630     76.147   99.609
11933         13 -0.075002  0.314040  0.420579  -40890.800 -1.303390e+05    735.93700       1576    2412    70.47460     71.927   78.336
11934         13 -0.071505 -0.157294  0.358707  -13680.300 -9.524910e+04   1473.55000       1577    2412   143.75300     72.334   89.573
11935         13 -0.025196 -0.000633  0.409594  -17394.600 -1.073200e+05   1272.65000       1578    2412   155.01500     73.711   81.178
12032         13 -0.030478 -0.040530  0.716382  244415.000 -5.717310e+05 -28202.30000       1593    2412    64.31570     86.241  117.773
12051         13  0.395021  0.091036  0.166266  171780.000 -1.176960e+05  -1202.55000       1598    2412    83.93720     80.023  157.281
12071         13 -0.085851  0.050543  0.395586   90351.200 -1.089430e+05    628.30900       1601    2412   167.95000     75.843  132.691
12072         13 -0.157061 -0.120411  0.405773   19949.300 -2.432280e+04   2122.37000       1602    2412   199.46800     71.031  172.944
12073         13  0.047084  0.195370  0.443088   -3436.260 -5.320190e+05 -20044.50000       1603    2412    82.49470     85.348   91.489
12074         13 -0.201389 -0.309918  0.198758  341216.000 -7.204350e+05 -47847.80000       1604    2412   150.10100     89.195  117.398
12075         13  0.119855  0.177028  0.308356   57346.400 -2.862130e+04   1877.74000       1605    2412   265.08800     72.074  157.264
12079         13  0.015358  0.271198  0.359641  181109.000 -5.339700e+05 -22790.10000       1607    2412    36.70840     84.550  112.387
12080         13  0.293564  0.121121  0.167860 -121031.000 -6.103330e+03   1047.81000       1608    2412   400.91000     77.391   16.600
12085         13 -0.243520  0.324430  0.188301   41134.000 -2.468280e+05  -2714.09000       1611    2412   179.20900     81.334  103.458
12194         13 -0.141236  0.111156  0.383373  199055.000 -1.433590e+05  -2522.42000       1616    2412    84.97930     81.321  155.335
12225         13 -0.352481  0.029298  0.339378  -82064.500 -1.226310e+05    491.69100       1622    2412   310.45000     75.606   64.881
12226         13  0.183141  0.170840  0.395830   -7288.990 -1.781010e+05   -293.06900       1623    2412   136.93400     76.170   91.904
12229         13  0.041173  0.038256  0.802454 -534093.000 -3.088830e+05 -27733.30000       1625    2412    88.55480     87.538   30.531
12232         13  0.234630  0.373496  0.564512  -42846.400 -1.457290e+05    389.68900       1628    2412    84.12410     74.493   74.463
12240         13  0.112954 -0.248003  0.283880   76534.900 -9.583030e+05 -70720.60000       1631    2412    34.92480     89.261   96.315
12243         13  0.036117  0.253805  0.244377  -65231.400 -4.501590e+05 -14051.80000       1633    2412   104.46400     84.692   84.006
12244         13 -0.539413 -0.180387  0.368901  148313.000 -1.324620e+05   -902.89300       1634    2412    53.52950     76.569  149.147
12245         13 -0.000821  0.415842  0.208399 -359416.000 -6.177320e+05 -37996.70000       1635    2412   106.18000     88.325   61.391
12249         13 -0.065311 -0.126927  0.555557   88214.100 -3.237940e+05  -6641.48000       1638    2412    72.08890     81.345  111.908
12250         13 -0.147304  0.076463  0.315073  -53595.200 -1.797110e+04   1949.32000       1639    2412   166.85500     71.805   27.767
12288         13 -0.287441  0.113535  0.326707  -47814.800 -1.062370e+05   1135.15000       1644    2412   150.18800     73.894   74.800
12290         13 -0.281892  0.291737  0.139051  -56380.200 -3.063440e+05  -5416.15000       1646    2412   480.88200     84.291   77.352
12304         13 -0.188054  0.258491  0.224041    7653.350 -1.119040e+05   1212.94000       1652    2412    99.79740     71.421   99.455
12320         13 -0.147808 -0.308477  0.326963  204989.000 -1.492990e+05  -2847.13000       1656    2412    69.98890     81.231  156.233
12321         13  0.134156  0.494758  0.407377   56267.900 -1.442240e+05    319.55300       1657    2412   158.28600     76.399  116.893
12324         13 -0.132655  0.047892  0.293434  262772.000 -3.841010e+05 -14813.50000       1659    2412   119.77400     84.743  124.703
12363         13 -0.551292  0.324296  0.818781  108237.000 -1.565630e+05   -642.63800       1666    2412    60.38780     76.033  134.541
12378         13  0.149813 -0.138217  0.386996  -85947.300 -1.602630e+05   -394.95600       1668    2412    34.09180     71.114   54.399
12388         13 -0.021411 -0.061955  0.479127 -289050.000 -3.021770e+05 -11532.60000       1671    2412    78.74960     83.101   49.573
12405         13  0.271145  0.123288  0.164032 -143805.000 -7.333350e+04    155.46500       1675    2412   169.12100     81.212   25.321
12422         13  0.202501  0.157756  0.500092 -284016.000 -3.274410e+04  -4215.47000       1679    2412    76.05920     83.131    8.717
12423         13  0.343961 -0.096829  0.537885 -378671.000 -5.055800e+05 -29178.90000       1680    2412   807.09600     89.855   52.402
12466         13  0.072215 -0.076093  0.356186   29559.500 -5.931040e+04   1855.48000       1687    2412   143.91300     71.209  134.126
12566         13 -0.025267 -0.319224  0.351843 -173503.000 -1.095010e+05  -1103.10000       1692    2412    41.01660     76.592   32.602
12635         13  0.088120  0.038088  0.354444   39236.500 -1.079270e+04   2070.09000       1695    2412   405.04700     75.699 -167.180
12636         13 -0.043716 -0.120386  0.463749    8120.910 -2.121600e+04   2159.51000       1696    2412   233.43300     70.136  -80.150
12637         13  0.005223  0.073481  0.303250 -676842.000 -1.638840e+05 -35960.20000       1697    2412    31.70680     87.473   17.832
12640         13 -0.059318  0.130789  0.541265   91190.200 -6.797300e+04   1185.10000       1700    2412    89.65890     74.286  155.579
12825         13  0.071920  0.250369  0.314557  -40311.300 -1.052730e+05   1203.04000       1705    2412    63.90680     70.658   71.043
12872         13  0.122919  0.234161  0.395110   58871.500 -4.527320e+04   1767.30000       1712    2412   452.65100     72.667  139.719
12963         13 -0.402513  0.586976  0.684559  -21378.100 -5.642550e+04   1914.37000       1722    2412   342.32400     70.745   77.754
12982         13 -0.062837  0.319848  0.149335  -34822.400 -1.343610e+05    688.44300       1732    2412    97.22350     73.680   77.733
12988         13 -0.401891  0.152737  0.273751   37327.600 -1.054780e+05   1217.82000       1733    2412   411.59800     78.249  119.163
12990         13 -0.341653 -0.116585  0.274444 -135107.000 -2.458850e+05  -3978.02000       1734    2412   182.90600     82.379   63.313
12991         13 -0.117633 -0.121055  0.474088  -81759.900 -7.792920e+05 -46150.00000       1735    2412    40.74060     87.629   85.273
13037         13 -0.100251  0.185345  0.477372 -202293.000 -5.540890e+05 -25154.20000       1748    2412    47.56730     85.216   71.372
13122         13 -0.301052  0.278381  0.577526 -357760.000 -5.932580e+05 -35563.50000       1759    2412    38.25780     86.334   59.964
13123         13 -0.083785  0.198660  0.267052  -53477.000 -1.252340e+05    745.10600       1760    2412   390.96000     78.308   72.000
13124         13 -0.095962  0.096551  0.313884  -53478.200 -1.253440e+05    742.93300       1760    2412   390.96000     78.308   72.000
13127         13  0.121460 -0.108501  0.397248   11703.500 -1.049710e+05   1324.76000       1762    2412   116.18400     71.570  103.487
13132         13 -0.369174  0.075343  0.275634   20468.400 -1.859240e+05   -545.29300       1766    2412    49.17140     73.721  103.980
13139         13 -0.092374 -0.241844  0.454916 -230631.000 -2.283200e+04  -2015.08000       1771    2412    75.64660     81.580    8.336
13147         13 -0.045394  0.128757  0.599650  -95284.400 -3.121100e+05  -6159.75000       1777    2412    55.64060     80.325   73.671
13154         13  0.324948 -0.243233  0.414057  -88453.200 -2.046030e+05  -1699.08000       1779    2412    42.95170     71.393 -143.828
13155         13 -0.119891  0.019703  0.499685 -304448.000  2.656220e+04  -5130.96000       1780    2412    83.36800     83.098   -5.401
13266         13  0.290164  0.211032  0.269234   69088.000 -2.477590e+05  -2992.15000       1788    2412    73.39510     79.304  110.843
13286         13  0.107689  0.292011  0.491078  -67817.600 -3.938410e+04   1717.49000       1793    2412   129.52400     71.941   29.732
13295         13 -0.173179  0.250317  0.478086   25211.000 -7.774860e+04   1675.90000       1797    2412  1566.72000     78.047  114.460
13298         13 -0.101049 -0.363780  0.384288  -21217.800 -1.455460e+05    502.60600       1799    2412   264.36200     78.362   77.474
13299         13 -0.134870  0.301251  0.654716  -54176.300 -1.333470e+05    574.59800       1800    2412    66.23290     71.758   71.895
13348         13 -0.226000  0.180397  0.185571   15363.800 -1.096550e+05   1238.11000       1802    2412   430.07100     77.640  100.661
13349         13 -0.117925  0.463948  0.101298   15365.400 -1.095510e+05   1239.89000       1802    2412   430.07100     77.640  100.661
13352         13  0.004509  0.180931  0.633050 -111497.000 -6.176620e+04    925.33700       1803    2412    86.32110     74.603   28.161
13354         13 -0.025104 -0.054615  0.313861   12869.300 -5.241430e+04   1971.48000       1804    2412   609.83500     71.226  100.691
13366         13  0.098852 -0.291233  0.614162  515235.000 -4.223600e+05 -32715.90000       1806    2412    38.23470     87.087  148.017
13371         13 -0.182539 -0.024778  0.301456  113821.000 -2.145450e+05  -2429.03000       1810    2412   153.65000     80.345  120.844
13372         13 -0.397285  0.017767  0.218800   62364.200 -6.817310e+04   1530.25000       1811    2412    82.25170     72.522  152.124
13376         13 -0.383844  0.034924  0.295189  -22387.800 -7.981370e+04   1660.91000       1812    2412   294.94700     75.535   82.896
13379         13  0.345733  0.196098  0.178294  -15632.700 -2.541790e+04   2130.14000       1813    2412  1331.29000     73.596   59.923
13404         13  0.356317  0.180394  0.211518 -146520.000  4.335890e+04    368.08700       1815    2412   252.04300     77.274  -16.331
13405         13 -0.421122 -0.142254  0.464258   11192.000 -9.300060e+02   2190.11000       1816    2412   350.68200     71.940 -154.512
13407         13 -0.055387 -0.085313  0.679275  242120.000 -8.515160e+05 -59580.50000       1818    2412    86.78810     89.455  107.842
13409         13  0.159997 -0.463460  0.854880  -44048.900 -1.455690e+04   2031.16000       1819    2412  1226.51000     74.958   14.354
13410         13 -0.056190 -0.213344  0.431833  107321.000 -1.065210e+05    406.03500       1820    2412   110.07300     77.559  148.754
13416         13 -0.107547 -0.322332  0.345647   51252.600  1.441150e+03   1993.76000       1825    2412   641.39700     71.690 -172.588
13429         13 -0.382841  0.092611  0.315857 -116806.000 -1.791790e+05  -1390.00000       1830    2412   115.30700     75.020 -144.250
13508         13 -0.045599  0.005194  0.397148 -130196.000 -4.966880e+04    676.49100       1837    2412   132.03600     77.959   19.803
13509         13  0.047155  0.092299  0.611967 -205484.000 -4.063020e+05 -14083.80000       1838    2412    35.12790     82.340   64.765
13521         13  0.112078  0.038428  0.311562 -363272.000 -7.756710e+05 -55615.40000       1845    2412    41.51820     88.547   65.973

